Parameters of the vcal vs. pulse height fits
par[3] + par[2] * TMath::TanH(par[0]*x[0] - par[1])

+2.848882e-03 +8.467722e-01 +9.636203e+02 +3.447541e+02     Pix  0  0
+2.862988e-03 +8.321163e-01 +9.503150e+02 +3.339387e+02     Pix  0  1
+2.753251e-03 +8.012139e-01 +9.748809e+02 +2.980450e+02     Pix  0  2
+2.700839e-03 +7.835541e-01 +1.002304e+03 +3.091652e+02     Pix  0  3
+2.904199e-03 +8.659262e-01 +9.394749e+02 +3.417466e+02     Pix  0  4
+2.700576e-03 +8.007911e-01 +9.736563e+02 +3.012822e+02     Pix  0  5
+2.861903e-03 +8.530493e-01 +9.540232e+02 +3.548239e+02     Pix  0  6
+2.768004e-03 +8.320377e-01 +9.688216e+02 +3.178377e+02     Pix  0  7
+2.782126e-03 +8.367301e-01 +9.607511e+02 +3.118602e+02     Pix  0  8
+2.825112e-03 +8.439340e-01 +9.553106e+02 +3.413393e+02     Pix  0  9
+2.883069e-03 +7.889298e-01 +9.577618e+02 +3.195167e+02     Pix  0 10
+2.739874e-03 +7.948591e-01 +9.640220e+02 +2.918353e+02     Pix  0 11
+2.815231e-03 +8.108037e-01 +9.567015e+02 +3.460539e+02     Pix  0 12
+2.810269e-03 +8.235346e-01 +9.541693e+02 +3.209502e+02     Pix  0 13
+2.881637e-03 +8.799806e-01 +9.254680e+02 +3.347074e+02     Pix  0 14
+2.770623e-03 +8.167211e-01 +9.738101e+02 +3.107269e+02     Pix  0 15
+2.855899e-03 +8.308088e-01 +9.576836e+02 +3.186634e+02     Pix  0 16
+2.792958e-03 +8.291034e-01 +9.562090e+02 +2.875129e+02     Pix  0 17
+2.733778e-03 +7.974228e-01 +9.820563e+02 +3.188539e+02     Pix  0 18
+2.786493e-03 +8.035499e-01 +9.625580e+02 +3.119195e+02     Pix  0 19
+2.718718e-03 +7.527014e-01 +9.848440e+02 +2.678324e+02     Pix  0 20
+2.775372e-03 +8.607009e-01 +9.556891e+02 +3.358223e+02     Pix  0 21
+2.727704e-03 +7.616350e-01 +9.825800e+02 +2.940068e+02     Pix  0 22
+2.659999e-03 +7.645867e-01 +1.004311e+03 +2.392413e+02     Pix  0 23
+2.780676e-03 +8.291096e-01 +9.644535e+02 +3.298210e+02     Pix  0 24
+2.638063e-03 +8.043398e-01 +9.947098e+02 +2.825868e+02     Pix  0 25
+2.830127e-03 +8.432594e-01 +9.388770e+02 +3.202274e+02     Pix  0 26
+2.707195e-03 +8.262397e-01 +9.785000e+02 +3.095095e+02     Pix  0 27
+2.766328e-03 +8.527780e-01 +9.519047e+02 +3.182792e+02     Pix  0 28
+2.729503e-03 +8.364025e-01 +9.643800e+02 +2.822951e+02     Pix  0 29
+2.634543e-03 +7.884030e-01 +9.950840e+02 +2.909281e+02     Pix  0 30
+2.780856e-03 +8.234350e-01 +9.522052e+02 +3.240750e+02     Pix  0 31
+2.676392e-03 +8.048964e-01 +9.859622e+02 +2.624656e+02     Pix  0 32
+2.801992e-03 +8.284107e-01 +9.605675e+02 +3.128973e+02     Pix  0 33
+2.705624e-03 +8.579026e-01 +9.649787e+02 +3.038851e+02     Pix  0 34
+2.749033e-03 +7.568416e-01 +9.844304e+02 +2.602191e+02     Pix  0 35
+2.658787e-03 +7.607217e-01 +9.975438e+02 +2.838471e+02     Pix  0 36
+2.711390e-03 +8.176403e-01 +9.736199e+02 +2.886855e+02     Pix  0 37
+2.853017e-03 +8.694585e-01 +9.292700e+02 +3.133062e+02     Pix  0 38
+2.788963e-03 +8.175256e-01 +9.594211e+02 +3.256771e+02     Pix  0 39
+2.731955e-03 +7.744646e-01 +9.794849e+02 +2.988899e+02     Pix  0 40
+2.830977e-03 +8.366648e-01 +9.402300e+02 +3.037331e+02     Pix  0 41
+2.790135e-03 +8.216162e-01 +9.656832e+02 +3.201472e+02     Pix  0 42
+2.806295e-03 +8.154838e-01 +9.534483e+02 +3.212666e+02     Pix  0 43
+2.611929e-03 +7.804578e-01 +9.918500e+02 +2.541685e+02     Pix  0 44
+2.690293e-03 +8.261997e-01 +9.704597e+02 +3.024526e+02     Pix  0 45
+2.716447e-03 +8.061113e-01 +9.669074e+02 +3.036550e+02     Pix  0 46
+2.615159e-03 +7.590207e-01 +9.961436e+02 +2.492523e+02     Pix  0 47
+2.777208e-03 +8.161110e-01 +9.572535e+02 +3.244062e+02     Pix  0 48
+2.734336e-03 +8.372716e-01 +9.624688e+02 +3.023508e+02     Pix  0 49
+2.875259e-03 +9.016395e-01 +9.144770e+02 +3.256358e+02     Pix  0 50
+2.732789e-03 +8.115945e-01 +9.761170e+02 +3.004467e+02     Pix  0 51
+2.719490e-03 +7.942101e-01 +9.806160e+02 +2.744933e+02     Pix  0 52
+2.609438e-03 +8.127710e-01 +9.835658e+02 +2.498317e+02     Pix  0 53
+2.683404e-03 +8.041733e-01 +9.860956e+02 +2.875456e+02     Pix  0 54
+2.674108e-03 +7.893815e-01 +9.858574e+02 +2.753286e+02     Pix  0 55
+2.626470e-03 +7.771793e-01 +9.887314e+02 +2.572570e+02     Pix  0 56
+2.617235e-03 +7.399861e-01 +1.005421e+03 +2.702657e+02     Pix  0 57
+2.618092e-03 +7.892916e-01 +9.964495e+02 +2.671242e+02     Pix  0 58
+2.721764e-03 +8.420977e-01 +9.431066e+02 +3.033093e+02     Pix  0 59
+2.607377e-03 +7.715801e-01 +9.987705e+02 +2.772568e+02     Pix  0 60
+2.507299e-03 +7.730372e-01 +1.002241e+03 +2.624492e+02     Pix  0 61
+2.598401e-03 +8.186180e-01 +9.813773e+02 +2.660774e+02     Pix  0 62
+2.633900e-03 +8.134347e-01 +9.742275e+02 +3.036939e+02     Pix  0 63
+2.638395e-03 +7.523500e-01 +9.864111e+02 +2.816956e+02     Pix  0 64
+2.729117e-03 +8.323782e-01 +9.382843e+02 +3.074686e+02     Pix  0 65
+2.625770e-03 +8.597856e-01 +9.603639e+02 +3.183258e+02     Pix  0 66
+2.567596e-03 +7.879802e-01 +9.865339e+02 +2.853693e+02     Pix  0 67
+2.543438e-03 +7.742325e-01 +9.868026e+02 +2.590764e+02     Pix  0 68
+2.494640e-03 +7.436864e-01 +1.011565e+03 +2.666039e+02     Pix  0 69
+2.502784e-03 +7.827867e-01 +9.943776e+02 +2.571634e+02     Pix  0 70
+2.439522e-03 +7.501702e-01 +1.004713e+03 +2.428303e+02     Pix  0 71
+2.580310e-03 +7.862774e-01 +9.776727e+02 +3.007865e+02     Pix  0 72
+2.428891e-03 +7.455803e-01 +1.005176e+03 +2.748620e+02     Pix  0 73
+2.421896e-03 +7.134881e-01 +1.025223e+03 +2.244726e+02     Pix  0 74
+2.445746e-03 +7.397359e-01 +1.005668e+03 +2.728576e+02     Pix  0 75
+2.466141e-03 +7.709292e-01 +1.005711e+03 +2.640349e+02     Pix  0 76
+2.649867e-03 +8.116332e-01 +9.419881e+02 +3.017043e+02     Pix  0 77
+2.532580e-03 +7.851838e-01 +9.858552e+02 +2.988168e+02     Pix  0 78
+2.171828e-03 +6.780902e-01 +1.055885e+03 +2.263502e+02     Pix  0 79
+2.846232e-03 +8.584803e-01 +9.692656e+02 +3.401098e+02     Pix  1  0
+2.995716e-03 +8.681367e-01 +9.482709e+02 +3.396802e+02     Pix  1  1
+3.044171e-03 +8.547770e-01 +9.366143e+02 +3.398168e+02     Pix  1  2
+3.069271e-03 +8.413717e-01 +9.406376e+02 +3.659742e+02     Pix  1  3
+3.026413e-03 +8.762926e-01 +9.361691e+02 +3.610366e+02     Pix  1  4
+2.968081e-03 +8.491661e-01 +9.650319e+02 +3.109488e+02     Pix  1  5
+3.081980e-03 +8.949592e-01 +9.385062e+02 +3.671977e+02     Pix  1  6
+2.904498e-03 +8.076318e-01 +9.653781e+02 +3.391873e+02     Pix  1  7
+3.103142e-03 +8.670463e-01 +9.264550e+02 +3.480046e+02     Pix  1  8
+3.003954e-03 +8.578151e-01 +9.401469e+02 +3.691418e+02     Pix  1  9
+3.011910e-03 +8.975468e-01 +9.354758e+02 +3.380809e+02     Pix  1 10
+2.944334e-03 +8.322602e-01 +9.570590e+02 +3.163509e+02     Pix  1 11
+2.927980e-03 +8.680443e-01 +9.518863e+02 +3.569970e+02     Pix  1 12
+3.014106e-03 +8.642855e-01 +9.355657e+02 +3.474004e+02     Pix  1 13
+2.927836e-03 +8.055580e-01 +9.662789e+02 +3.082669e+02     Pix  1 14
+2.936197e-03 +9.059604e-01 +9.355324e+02 +3.524914e+02     Pix  1 15
+2.865448e-03 +8.194446e-01 +9.734583e+02 +3.063857e+02     Pix  1 16
+2.910858e-03 +8.256481e-01 +9.534269e+02 +3.155628e+02     Pix  1 17
+3.056969e-03 +9.464341e-01 +9.083054e+02 +3.975001e+02     Pix  1 18
+2.900442e-03 +8.208823e-01 +9.596742e+02 +3.158411e+02     Pix  1 19
+2.915066e-03 +8.295354e-01 +9.615785e+02 +3.138671e+02     Pix  1 20
+2.913067e-03 +8.365244e-01 +9.609824e+02 +3.469889e+02     Pix  1 21
+2.976937e-03 +8.813248e-01 +9.430527e+02 +3.369466e+02     Pix  1 22
+2.914950e-03 +8.384241e-01 +9.522682e+02 +3.199869e+02     Pix  1 23
+2.807902e-03 +8.086807e-01 +9.854539e+02 +3.232714e+02     Pix  1 24
+2.935791e-03 +8.631258e-01 +9.374362e+02 +3.416502e+02     Pix  1 25
+2.901791e-03 +8.349093e-01 +9.569384e+02 +3.170291e+02     Pix  1 26
+2.897279e-03 +8.750549e-01 +9.443826e+02 +3.555573e+02     Pix  1 27
+2.942605e-03 +8.490627e-01 +9.403669e+02 +3.330835e+02     Pix  1 28
+2.891901e-03 +8.905709e-01 +9.441765e+02 +3.203288e+02     Pix  1 29
+2.908034e-03 +8.507047e-01 +9.530961e+02 +3.530456e+02     Pix  1 30
+2.913195e-03 +8.502266e-01 +9.565569e+02 +3.170065e+02     Pix  1 31
+3.001689e-03 +8.791090e-01 +9.218272e+02 +3.513972e+02     Pix  1 32
+2.763097e-03 +7.628827e-01 +9.912574e+02 +2.969400e+02     Pix  1 33
+2.880481e-03 +8.489184e-01 +9.510975e+02 +3.255870e+02     Pix  1 34
+2.789335e-03 +8.059499e-01 +9.810966e+02 +2.748379e+02     Pix  1 35
+2.817440e-03 +8.177956e-01 +9.659801e+02 +3.382606e+02     Pix  1 36
+2.932791e-03 +8.784887e-01 +9.411770e+02 +3.314402e+02     Pix  1 37
+2.898964e-03 +8.562470e-01 +9.409700e+02 +3.178144e+02     Pix  1 38
+2.917136e-03 +8.780381e-01 +9.357509e+02 +3.714070e+02     Pix  1 39
+2.770943e-03 +8.166128e-01 +9.774875e+02 +3.006482e+02     Pix  1 40
+2.970045e-03 +8.851176e-01 +9.274160e+02 +3.359745e+02     Pix  1 41
+2.877417e-03 +8.295638e-01 +9.515748e+02 +3.508403e+02     Pix  1 42
+2.883419e-03 +8.425498e-01 +9.473011e+02 +3.274451e+02     Pix  1 43
+2.893269e-03 +8.768864e-01 +9.533305e+02 +3.087126e+02     Pix  1 44
+2.867733e-03 +8.553630e-01 +9.459664e+02 +3.413804e+02     Pix  1 45
+2.807859e-03 +8.232826e-01 +9.579075e+02 +3.184833e+02     Pix  1 46
+2.857124e-03 +8.275814e-01 +9.482343e+02 +3.005415e+02     Pix  1 47
+2.899949e-03 +8.707873e-01 +9.532259e+02 +3.372205e+02     Pix  1 48
+2.788400e-03 +8.320370e-01 +9.637327e+02 +3.085276e+02     Pix  1 49
+2.917981e-03 +8.582318e-01 +9.399468e+02 +3.061149e+02     Pix  1 50
+2.719794e-03 +8.172395e-01 +9.721491e+02 +3.093034e+02     Pix  1 51
+2.807822e-03 +8.504364e-01 +9.638567e+02 +2.996626e+02     Pix  1 52
+2.883311e-03 +8.278326e-01 +9.484083e+02 +2.930521e+02     Pix  1 53
+2.905280e-03 +8.591860e-01 +9.423246e+02 +3.437514e+02     Pix  1 54
+2.802441e-03 +8.327312e-01 +9.660999e+02 +3.104942e+02     Pix  1 55
+2.897904e-03 +8.706547e-01 +9.371789e+02 +3.047885e+02     Pix  1 56
+2.826702e-03 +8.267272e-01 +9.705831e+02 +3.159971e+02     Pix  1 57
+2.655835e-03 +7.773516e-01 +9.972619e+02 +2.727339e+02     Pix  1 58
+2.860809e-03 +8.647246e-01 +9.379899e+02 +3.081889e+02     Pix  1 59
+2.802589e-03 +8.493592e-01 +9.618687e+02 +3.126803e+02     Pix  1 60
+2.719837e-03 +8.266216e-01 +9.720021e+02 +3.022636e+02     Pix  1 61
+2.745351e-03 +8.205160e-01 +9.638015e+02 +2.872167e+02     Pix  1 62
+2.678331e-03 +7.823066e-01 +9.804167e+02 +2.984227e+02     Pix  1 63
+2.788452e-03 +8.179024e-01 +9.577155e+02 +3.193085e+02     Pix  1 64
+2.858955e-03 +8.894975e-01 +9.186915e+02 +3.260441e+02     Pix  1 65
+2.678578e-03 +7.949087e-01 +9.862887e+02 +2.995460e+02     Pix  1 66
+2.654454e-03 +7.781822e-01 +9.946113e+02 +2.732800e+02     Pix  1 67
+2.651531e-03 +8.054101e-01 +9.750986e+02 +2.796317e+02     Pix  1 68
+2.573324e-03 +7.846945e-01 +9.886227e+02 +2.920140e+02     Pix  1 69
+2.698406e-03 +8.088982e-01 +9.611691e+02 +2.954560e+02     Pix  1 70
+2.455468e-03 +7.633227e-01 +1.009238e+03 +2.376104e+02     Pix  1 71
+2.505899e-03 +7.783603e-01 +1.009952e+03 +2.683916e+02     Pix  1 72
+2.536407e-03 +7.515339e-01 +1.009608e+03 +2.642669e+02     Pix  1 73
+2.686440e-03 +8.054636e-01 +9.699807e+02 +2.782290e+02     Pix  1 74
+2.553926e-03 +8.005987e-01 +9.863360e+02 +2.906618e+02     Pix  1 75
+2.361119e-03 +6.857111e-01 +1.052301e+03 +2.274508e+02     Pix  1 76
+2.447725e-03 +7.180518e-01 +1.018610e+03 +2.434095e+02     Pix  1 77
+2.493832e-03 +7.543020e-01 +1.026461e+03 +2.794973e+02     Pix  1 78
+2.524778e-03 +7.989744e-01 +9.810754e+02 +2.961638e+02     Pix  1 79
+3.039293e-03 +8.979322e-01 +9.427050e+02 +2.831294e+02     Pix  2  0
+3.095061e-03 +8.902984e-01 +9.288992e+02 +2.826170e+02     Pix  2  1
+2.991488e-03 +8.597173e-01 +9.437914e+02 +2.444923e+02     Pix  2  2
+2.926009e-03 +8.586848e-01 +9.713441e+02 +2.438709e+02     Pix  2  3
+3.031949e-03 +8.971326e-01 +9.437120e+02 +2.683365e+02     Pix  2  4
+3.171956e-03 +9.400766e-01 +9.121346e+02 +2.737416e+02     Pix  2  5
+3.057264e-03 +8.805176e-01 +9.463868e+02 +2.846526e+02     Pix  2  6
+2.979828e-03 +8.421742e-01 +9.662349e+02 +2.442389e+02     Pix  2  7
+3.134169e-03 +8.509798e-01 +9.385889e+02 +2.416293e+02     Pix  2  8
+3.041230e-03 +8.841518e-01 +9.320404e+02 +2.764908e+02     Pix  2  9
+3.011007e-03 +8.335074e-01 +9.615574e+02 +2.401967e+02     Pix  2 10
+2.973479e-03 +8.429890e-01 +9.512537e+02 +2.303201e+02     Pix  2 11
+2.972292e-03 +8.576867e-01 +9.613229e+02 +2.501974e+02     Pix  2 12
+2.887464e-03 +8.169500e-01 +9.813622e+02 +2.020367e+02     Pix  2 13
+3.067859e-03 +8.173104e-01 +9.424487e+02 +2.342518e+02     Pix  2 14
+2.739269e-03 +7.989297e-01 +9.970719e+02 +2.173011e+02     Pix  2 15
+2.919313e-03 +8.499886e-01 +9.568518e+02 +2.386795e+02     Pix  2 16
+2.832911e-03 +8.053787e-01 +9.885957e+02 +1.836150e+02     Pix  2 17
+2.934456e-03 +8.431461e-01 +9.665987e+02 +2.471989e+02     Pix  2 18
+2.864186e-03 +8.164298e-01 +9.827930e+02 +2.113963e+02     Pix  2 19
+2.975632e-03 +8.748309e-01 +9.526578e+02 +2.278493e+02     Pix  2 20
+2.906399e-03 +8.432329e-01 +9.598052e+02 +2.524107e+02     Pix  2 21
+2.909891e-03 +8.629486e-01 +9.471433e+02 +2.318018e+02     Pix  2 22
+3.008175e-03 +8.867674e-01 +9.367158e+02 +2.386053e+02     Pix  2 23
+2.970005e-03 +8.581204e-01 +9.513230e+02 +2.609976e+02     Pix  2 24
+2.926127e-03 +8.578971e-01 +9.526115e+02 +2.322990e+02     Pix  2 25
+2.911833e-03 +8.223085e-01 +9.763014e+02 +2.027231e+02     Pix  2 26
+2.816510e-03 +8.367891e-01 +9.837125e+02 +2.277970e+02     Pix  2 27
+2.888533e-03 +8.431739e-01 +9.618000e+02 +2.175339e+02     Pix  2 28
+2.857542e-03 +8.425745e-01 +9.569389e+02 +2.206474e+02     Pix  2 29
+2.801208e-03 +8.219192e-01 +9.885578e+02 +2.251473e+02     Pix  2 30
+2.901807e-03 +8.258000e-01 +9.554012e+02 +2.291971e+02     Pix  2 31
+2.867656e-03 +8.120378e-01 +9.585277e+02 +2.215300e+02     Pix  2 32
+2.805618e-03 +8.099442e-01 +9.852226e+02 +2.257314e+02     Pix  2 33
+2.922734e-03 +8.520171e-01 +9.518946e+02 +2.280673e+02     Pix  2 34
+2.824879e-03 +7.957687e-01 +9.751642e+02 +1.977329e+02     Pix  2 35
+2.753329e-03 +7.734848e-01 +9.909082e+02 +2.219288e+02     Pix  2 36
+2.883036e-03 +8.410141e-01 +9.513865e+02 +2.307012e+02     Pix  2 37
+2.890714e-03 +7.922370e-01 +9.727792e+02 +2.066548e+02     Pix  2 38
+2.644018e-03 +7.747179e-01 +1.024833e+03 +1.849341e+02     Pix  2 39
+2.871561e-03 +8.082454e-01 +9.693948e+02 +2.133179e+02     Pix  2 40
+2.798748e-03 +8.165209e-01 +9.735746e+02 +2.027868e+02     Pix  2 41
+2.897873e-03 +8.469677e-01 +9.544751e+02 +2.601944e+02     Pix  2 42
+2.844716e-03 +8.183620e-01 +9.537131e+02 +2.244112e+02     Pix  2 43
+2.857481e-03 +8.493943e-01 +9.652283e+02 +2.039183e+02     Pix  2 44
+2.936223e-03 +8.804224e-01 +9.491719e+02 +2.463379e+02     Pix  2 45
+2.810413e-03 +8.189426e-01 +9.590401e+02 +2.180133e+02     Pix  2 46
+2.850385e-03 +8.396734e-01 +9.603418e+02 +1.980002e+02     Pix  2 47
+2.644674e-03 +7.744655e-01 +1.014028e+03 +1.776755e+02     Pix  2 48
+2.803324e-03 +8.249409e-01 +9.550086e+02 +2.235236e+02     Pix  2 49
+2.740818e-03 +7.914352e-01 +9.776333e+02 +1.950116e+02     Pix  2 50
+2.800705e-03 +8.459851e-01 +9.715759e+02 +2.170153e+02     Pix  2 51
+2.739404e-03 +7.960188e-01 +9.884788e+02 +1.927148e+02     Pix  2 52
+2.758542e-03 +8.108702e-01 +9.703384e+02 +1.891660e+02     Pix  2 53
+2.794007e-03 +8.529772e-01 +9.691464e+02 +2.192743e+02     Pix  2 54
+2.780795e-03 +8.120654e-01 +9.788198e+02 +2.015135e+02     Pix  2 55
+2.837685e-03 +8.118701e-01 +9.635856e+02 +2.059304e+02     Pix  2 56
+2.758683e-03 +8.178771e-01 +9.823562e+02 +2.142537e+02     Pix  2 57
+2.773387e-03 +8.237984e-01 +9.743431e+02 +2.044190e+02     Pix  2 58
+2.788291e-03 +8.313305e-01 +9.572714e+02 +1.913278e+02     Pix  2 59
+2.703769e-03 +8.284926e-01 +9.812082e+02 +2.139660e+02     Pix  2 60
+2.782448e-03 +8.275531e-01 +9.709485e+02 +2.072148e+02     Pix  2 61
+2.838156e-03 +8.697381e-01 +9.509903e+02 +2.173916e+02     Pix  2 62
+2.747054e-03 +7.781440e-01 +9.945070e+02 +2.120371e+02     Pix  2 63
+2.614186e-03 +7.134338e-01 +1.026905e+03 +1.563043e+02     Pix  2 64
+2.736369e-03 +8.218739e-01 +9.650630e+02 +2.052008e+02     Pix  2 65
+2.832962e-03 +8.255719e-01 +9.607704e+02 +2.398202e+02     Pix  2 66
+2.860156e-03 +9.521267e-01 +9.061303e+02 +2.732304e+02     Pix  2 67
+2.639536e-03 +7.817717e-01 +9.837978e+02 +1.818515e+02     Pix  2 68
+2.712577e-03 +8.485045e-01 +9.583374e+02 +2.266877e+02     Pix  2 69
+2.574742e-03 +7.554035e-01 +1.006496e+03 +1.777687e+02     Pix  2 70
+2.578098e-03 +7.989764e-01 +9.901849e+02 +1.605718e+02     Pix  2 71
+2.523439e-03 +7.615199e-01 +1.021718e+03 +1.895030e+02     Pix  2 72
+2.531313e-03 +7.587297e-01 +9.957430e+02 +1.863208e+02     Pix  2 73
+2.502982e-03 +7.835194e-01 +1.010683e+03 +1.425443e+02     Pix  2 74
+2.483973e-03 +7.580037e-01 +1.012398e+03 +1.920691e+02     Pix  2 75
+2.555822e-03 +7.598908e-01 +9.966766e+02 +1.848928e+02     Pix  2 76
+2.555088e-03 +7.760567e-01 +9.852954e+02 +1.793227e+02     Pix  2 77
+2.495030e-03 +7.632766e-01 +1.020665e+03 +1.942092e+02     Pix  2 78
+2.586310e-03 +7.674146e-01 +9.840241e+02 +1.970420e+02     Pix  2 79
+2.973938e-03 +8.295956e-01 +9.666439e+02 +2.688192e+02     Pix  3  0
+3.031572e-03 +8.726453e-01 +9.540615e+02 +2.568658e+02     Pix  3  1
+3.169824e-03 +9.546320e-01 +8.887489e+02 +3.111941e+02     Pix  3  2
+2.934249e-03 +8.646834e-01 +9.682849e+02 +2.653827e+02     Pix  3  3
+2.974340e-03 +8.761260e-01 +9.501351e+02 +2.619984e+02     Pix  3  4
+3.017269e-03 +8.869824e-01 +9.492933e+02 +2.386868e+02     Pix  3  5
+2.983413e-03 +8.807008e-01 +9.575614e+02 +2.843757e+02     Pix  3  6
+3.036764e-03 +8.630248e-01 +9.478386e+02 +2.636386e+02     Pix  3  7
+2.933192e-03 +8.250981e-01 +9.708776e+02 +2.237776e+02     Pix  3  8
+2.965371e-03 +8.660841e-01 +9.592057e+02 +2.500445e+02     Pix  3  9
+3.089547e-03 +8.719653e-01 +9.337397e+02 +2.784423e+02     Pix  3 10
+3.022266e-03 +8.441519e-01 +9.470997e+02 +2.352440e+02     Pix  3 11
+3.017216e-03 +8.871804e-01 +9.383446e+02 +2.805154e+02     Pix  3 12
+2.968200e-03 +8.150228e-01 +9.615298e+02 +2.539099e+02     Pix  3 13
+2.940660e-03 +8.594129e-01 +9.614525e+02 +2.164315e+02     Pix  3 14
+2.961352e-03 +8.729654e-01 +9.620050e+02 +2.503452e+02     Pix  3 15
+2.861185e-03 +7.905882e-01 +9.736874e+02 +2.327088e+02     Pix  3 16
+3.122389e-03 +8.836045e-01 +9.232775e+02 +2.548588e+02     Pix  3 17
+3.063524e-03 +8.770658e-01 +9.335903e+02 +2.803741e+02     Pix  3 18
+2.959563e-03 +8.204698e-01 +9.668733e+02 +2.463531e+02     Pix  3 19
+3.175099e-03 +9.499636e-01 +8.929565e+02 +2.851358e+02     Pix  3 20
+2.902579e-03 +8.088282e-01 +9.838825e+02 +2.275548e+02     Pix  3 21
+2.892501e-03 +8.417836e-01 +9.657237e+02 +2.351957e+02     Pix  3 22
+2.974348e-03 +8.759750e-01 +9.408827e+02 +2.377985e+02     Pix  3 23
+3.029974e-03 +9.029380e-01 +9.313855e+02 +2.789945e+02     Pix  3 24
+2.998404e-03 +8.266669e-01 +9.572268e+02 +2.500830e+02     Pix  3 25
+3.106693e-03 +9.246819e-01 +9.142906e+02 +2.627777e+02     Pix  3 26
+3.076139e-03 +8.635655e-01 +9.321092e+02 +2.823493e+02     Pix  3 27
+2.904070e-03 +8.458826e-01 +9.579434e+02 +2.389165e+02     Pix  3 28
+2.853595e-03 +8.300649e-01 +9.787657e+02 +2.015045e+02     Pix  3 29
+2.893204e-03 +8.425092e-01 +9.771252e+02 +2.361807e+02     Pix  3 30
+3.037029e-03 +8.852187e-01 +9.486475e+02 +2.570696e+02     Pix  3 31
+2.929091e-03 +8.598148e-01 +9.529958e+02 +2.253500e+02     Pix  3 32
+3.042440e-03 +8.504841e-01 +9.282776e+02 +2.845502e+02     Pix  3 33
+2.933032e-03 +8.493641e-01 +9.626666e+02 +2.383912e+02     Pix  3 34
+2.854648e-03 +8.746769e-01 +9.580381e+02 +2.207735e+02     Pix  3 35
+2.958406e-03 +8.764651e-01 +9.526661e+02 +2.594174e+02     Pix  3 36
+2.934285e-03 +8.860338e-01 +9.420481e+02 +2.550293e+02     Pix  3 37
+2.965665e-03 +8.606586e-01 +9.521964e+02 +2.255356e+02     Pix  3 38
+2.906995e-03 +8.541022e-01 +9.617501e+02 +2.489022e+02     Pix  3 39
+2.896197e-03 +8.591918e-01 +9.555390e+02 +2.368154e+02     Pix  3 40
+2.966032e-03 +8.776356e-01 +9.439231e+02 +2.362908e+02     Pix  3 41
+2.959095e-03 +8.923369e-01 +9.477617e+02 +2.634631e+02     Pix  3 42
+2.960275e-03 +8.926549e-01 +9.432690e+02 +2.436997e+02     Pix  3 43
+2.825315e-03 +8.347141e-01 +9.660095e+02 +2.115883e+02     Pix  3 44
+2.846559e-03 +8.589334e-01 +9.731468e+02 +2.353982e+02     Pix  3 45
+2.981027e-03 +8.884188e-01 +9.360887e+02 +2.456094e+02     Pix  3 46
+2.834784e-03 +8.340429e-01 +9.789563e+02 +1.973550e+02     Pix  3 47
+2.755009e-03 +7.966541e-01 +1.001713e+03 +2.122066e+02     Pix  3 48
+2.989568e-03 +8.716425e-01 +9.371600e+02 +2.439822e+02     Pix  3 49
+2.790080e-03 +8.356925e-01 +9.648540e+02 +2.171774e+02     Pix  3 50
+2.853087e-03 +8.428362e-01 +9.632470e+02 +2.451970e+02     Pix  3 51
+2.845136e-03 +8.422481e-01 +9.672539e+02 +2.115973e+02     Pix  3 52
+2.796700e-03 +8.324801e-01 +9.727585e+02 +2.051396e+02     Pix  3 53
+2.908387e-03 +8.950835e-01 +9.430830e+02 +2.674344e+02     Pix  3 54
+2.961615e-03 +8.983729e-01 +9.350785e+02 +2.479631e+02     Pix  3 55
+2.931251e-03 +9.143938e-01 +9.343101e+02 +2.359890e+02     Pix  3 56
+2.700729e-03 +7.969339e-01 +1.001190e+03 +2.121372e+02     Pix  3 57
+2.844338e-03 +8.474138e-01 +9.522087e+02 +2.264477e+02     Pix  3 58
+2.668939e-03 +7.936141e-01 +9.939949e+02 +1.857348e+02     Pix  3 59
+2.757166e-03 +8.105916e-01 +9.981701e+02 +2.122881e+02     Pix  3 60
+2.823797e-03 +8.545067e-01 +9.501956e+02 +2.290568e+02     Pix  3 61
+2.635440e-03 +7.978183e-01 +9.986958e+02 +1.715828e+02     Pix  3 62
+2.720585e-03 +8.529399e-01 +9.785044e+02 +2.287988e+02     Pix  3 63
+2.718057e-03 +7.797211e-01 +9.835304e+02 +1.958132e+02     Pix  3 64
+2.636954e-03 +7.887256e-01 +9.994561e+02 +1.723069e+02     Pix  3 65
+2.664098e-03 +8.189243e-01 +9.823690e+02 +2.317794e+02     Pix  3 66
+2.765926e-03 +8.578442e-01 +9.588986e+02 +2.222030e+02     Pix  3 67
+2.635274e-03 +7.852810e-01 +1.000810e+03 +1.773335e+02     Pix  3 68
+2.755554e-03 +9.070391e-01 +9.313614e+02 +2.732206e+02     Pix  3 69
+2.763715e-03 +8.547052e-01 +9.477505e+02 +2.310552e+02     Pix  3 70
+2.630869e-03 +8.047168e-01 +9.874350e+02 +1.809758e+02     Pix  3 71
+2.667960e-03 +8.931541e-01 +9.490263e+02 +2.598094e+02     Pix  3 72
+2.588188e-03 +8.043252e-01 +9.880809e+02 +1.937041e+02     Pix  3 73
+2.535482e-03 +7.751338e-01 +1.007098e+03 +1.731588e+02     Pix  3 74
+2.579310e-03 +8.049258e-01 +9.870871e+02 +2.298268e+02     Pix  3 75
+2.519963e-03 +7.685526e-01 +1.012616e+03 +1.760943e+02     Pix  3 76
+2.446026e-03 +7.474852e-01 +1.022509e+03 +1.624896e+02     Pix  3 77
+2.535285e-03 +7.670693e-01 +1.000920e+03 +2.145502e+02     Pix  3 78
+2.493080e-03 +7.771647e-01 +1.002528e+03 +1.983833e+02     Pix  3 79
+3.077309e-03 +8.827408e-01 +9.239041e+02 +3.856054e+02     Pix  4  0
+2.955538e-03 +8.266562e-01 +9.425326e+02 +3.416717e+02     Pix  4  1
+3.020174e-03 +8.125174e-01 +9.395600e+02 +3.343586e+02     Pix  4  2
+2.848273e-03 +7.748970e-01 +9.739661e+02 +3.339351e+02     Pix  4  3
+2.998265e-03 +8.533813e-01 +9.205245e+02 +3.573445e+02     Pix  4  4
+3.138692e-03 +9.063907e-01 +8.930724e+02 +3.780778e+02     Pix  4  5
+3.112798e-03 +9.063851e-01 +9.074702e+02 +3.984241e+02     Pix  4  6
+3.012677e-03 +8.200916e-01 +9.366121e+02 +3.418132e+02     Pix  4  7
+3.006921e-03 +8.280946e-01 +9.400436e+02 +3.325256e+02     Pix  4  8
+3.050867e-03 +8.633585e-01 +9.195647e+02 +3.802092e+02     Pix  4  9
+2.973264e-03 +8.189638e-01 +9.538590e+02 +3.234504e+02     Pix  4 10
+2.976019e-03 +8.500882e-01 +9.368059e+02 +3.108331e+02     Pix  4 11
+3.014933e-03 +8.513734e-01 +9.151060e+02 +3.701079e+02     Pix  4 12
+3.050345e-03 +8.488214e-01 +9.155891e+02 +3.587174e+02     Pix  4 13
+3.064723e-03 +8.879829e-01 +9.035822e+02 +3.475408e+02     Pix  4 14
+2.933865e-03 +8.543615e-01 +9.303870e+02 +3.453893e+02     Pix  4 15
+3.069066e-03 +8.686863e-01 +9.192280e+02 +3.583868e+02     Pix  4 16
+2.966144e-03 +8.446083e-01 +9.293302e+02 +3.144365e+02     Pix  4 17
+2.984944e-03 +8.314376e-01 +9.286837e+02 +3.613849e+02     Pix  4 18
+3.092725e-03 +8.593554e-01 +9.124076e+02 +3.605178e+02     Pix  4 19
+2.925900e-03 +8.148302e-01 +9.332908e+02 +3.090923e+02     Pix  4 20
+3.008657e-03 +8.536435e-01 +9.326425e+02 +3.539292e+02     Pix  4 21
+2.889411e-03 +8.325611e-01 +9.533123e+02 +3.166555e+02     Pix  4 22
+3.024928e-03 +8.557323e-01 +9.210080e+02 +3.213400e+02     Pix  4 23
+3.028177e-03 +8.692492e-01 +9.254729e+02 +3.581638e+02     Pix  4 24
+2.870827e-03 +8.480355e-01 +9.520626e+02 +3.195113e+02     Pix  4 25
+2.939176e-03 +8.459378e-01 +9.285066e+02 +3.142755e+02     Pix  4 26
+2.908179e-03 +7.950801e-01 +9.597679e+02 +3.234587e+02     Pix  4 27
+2.891217e-03 +8.157536e-01 +9.444256e+02 +3.306861e+02     Pix  4 28
+2.977536e-03 +8.817432e-01 +9.115141e+02 +3.303519e+02     Pix  4 29
+2.732540e-03 +7.557459e-01 +9.877923e+02 +2.927557e+02     Pix  4 30
+2.772632e-03 +8.038224e-01 +9.645366e+02 +3.021488e+02     Pix  4 31
+2.920844e-03 +8.277676e-01 +9.366050e+02 +3.069453e+02     Pix  4 32
+3.059368e-03 +9.128558e-01 +9.089454e+02 +3.623508e+02     Pix  4 33
+2.936461e-03 +8.422167e-01 +9.146287e+02 +3.563755e+02     Pix  4 34
+2.848919e-03 +8.334442e-01 +9.316561e+02 +3.114400e+02     Pix  4 35
+2.950644e-03 +8.541776e-01 +9.163969e+02 +3.573470e+02     Pix  4 36
+2.927121e-03 +8.142144e-01 +9.396671e+02 +3.327510e+02     Pix  4 37
+2.844103e-03 +8.011452e-01 +9.590639e+02 +2.829139e+02     Pix  4 38
+2.811871e-03 +7.460953e-01 +9.757982e+02 +2.994622e+02     Pix  4 39
+2.912052e-03 +8.940885e-01 +9.127190e+02 +3.578180e+02     Pix  4 40
+2.901307e-03 +8.212293e-01 +9.377011e+02 +3.050958e+02     Pix  4 41
+3.023693e-03 +8.497539e-01 +9.221096e+02 +3.609707e+02     Pix  4 42
+2.958564e-03 +8.638003e-01 +9.282508e+02 +3.412659e+02     Pix  4 43
+2.957377e-03 +8.617295e-01 +9.264538e+02 +3.151538e+02     Pix  4 44
+2.880761e-03 +8.466893e-01 +9.383707e+02 +3.359003e+02     Pix  4 45
+2.935047e-03 +8.743477e-01 +9.262605e+02 +3.233391e+02     Pix  4 46
+3.041663e-03 +9.499207e-01 +8.775622e+02 +3.625534e+02     Pix  4 47
+3.039872e-03 +9.539480e-01 +8.824497e+02 +3.933521e+02     Pix  4 48
+2.780613e-03 +7.865406e-01 +9.665829e+02 +2.968173e+02     Pix  4 49
+2.832880e-03 +8.133440e-01 +9.410968e+02 +3.046623e+02     Pix  4 50
+2.811336e-03 +8.492175e-01 +9.448818e+02 +3.309257e+02     Pix  4 51
+2.862739e-03 +8.186468e-01 +9.418789e+02 +3.115840e+02     Pix  4 52
+2.811606e-03 +8.178684e-01 +9.502400e+02 +2.918111e+02     Pix  4 53
+2.920223e-03 +8.256094e-01 +9.395562e+02 +3.336157e+02     Pix  4 54
+2.777171e-03 +8.016913e-01 +9.571936e+02 +2.970583e+02     Pix  4 55
+2.772022e-03 +7.856578e-01 +9.560642e+02 +2.866063e+02     Pix  4 56
+2.702439e-03 +7.943346e-01 +9.668753e+02 +3.101116e+02     Pix  4 57
+2.881565e-03 +8.632796e-01 +9.139445e+02 +3.415574e+02     Pix  4 58
+2.800284e-03 +7.705875e-01 +9.487111e+02 +2.937172e+02     Pix  4 59
+2.836587e-03 +8.103144e-01 +9.484561e+02 +3.275963e+02     Pix  4 60
+2.782521e-03 +8.063696e-01 +9.437780e+02 +3.249799e+02     Pix  4 61
+2.806810e-03 +8.216805e-01 +9.431672e+02 +2.983618e+02     Pix  4 62
+2.716813e-03 +7.758236e-01 +9.691123e+02 +3.065233e+02     Pix  4 63
+2.810324e-03 +8.223081e-01 +9.451711e+02 +3.161666e+02     Pix  4 64
+2.655621e-03 +7.813315e-01 +9.585149e+02 +2.864986e+02     Pix  4 65
+2.737711e-03 +7.729519e-01 +9.639429e+02 +3.093952e+02     Pix  4 66
+2.611716e-03 +7.688510e-01 +9.881344e+02 +2.763101e+02     Pix  4 67
+2.610115e-03 +7.656797e-01 +9.757211e+02 +2.727613e+02     Pix  4 68
+2.743803e-03 +8.034388e-01 +9.489527e+02 +3.275634e+02     Pix  4 69
+2.628770e-03 +7.710451e-01 +9.632794e+02 +2.859375e+02     Pix  4 70
+2.726834e-03 +7.962862e-01 +9.444772e+02 +2.997102e+02     Pix  4 71
+2.516570e-03 +7.459905e-01 +9.919193e+02 +2.849940e+02     Pix  4 72
+2.685707e-03 +7.997102e-01 +9.466982e+02 +3.199369e+02     Pix  4 73
+2.550253e-03 +8.002602e-01 +9.466701e+02 +2.999746e+02     Pix  4 74
+2.616736e-03 +7.806909e-01 +9.606514e+02 +3.219076e+02     Pix  4 75
+2.644359e-03 +7.552946e-01 +9.645508e+02 +2.994785e+02     Pix  4 76
+2.690904e-03 +8.183402e-01 +9.433979e+02 +2.977283e+02     Pix  4 77
+2.697184e-03 +8.108817e-01 +9.419143e+02 +3.427785e+02     Pix  4 78
+2.532753e-03 +6.801288e-01 +1.002113e+03 +2.744707e+02     Pix  4 79
+2.944971e-03 +8.116260e-01 +9.556512e+02 +3.541444e+02     Pix  5  0
+2.962154e-03 +7.935931e-01 +9.599867e+02 +3.271794e+02     Pix  5  1
+3.111782e-03 +9.253012e-01 +8.969868e+02 +3.778765e+02     Pix  5  2
+3.070456e-03 +8.738767e-01 +9.225117e+02 +3.864596e+02     Pix  5  3
+3.004450e-03 +8.243110e-01 +9.432154e+02 +3.402042e+02     Pix  5  4
+3.142988e-03 +9.408998e-01 +8.819552e+02 +3.948162e+02     Pix  5  5
+3.049819e-03 +8.598799e-01 +9.432771e+02 +3.640219e+02     Pix  5  6
+3.020987e-03 +8.568920e-01 +9.364221e+02 +3.469263e+02     Pix  5  7
+2.904676e-03 +8.495586e-01 +9.456969e+02 +3.324844e+02     Pix  5  8
+3.037475e-03 +9.364689e-01 +9.086084e+02 +3.817029e+02     Pix  5  9
+3.081031e-03 +8.723297e-01 +9.119948e+02 +3.622621e+02     Pix  5 10
+2.974624e-03 +8.345559e-01 +9.476232e+02 +3.228165e+02     Pix  5 11
+3.062606e-03 +9.154032e-01 +9.222040e+02 +3.715877e+02     Pix  5 12
+3.070300e-03 +8.391306e-01 +9.288557e+02 +3.479314e+02     Pix  5 13
+3.024663e-03 +8.808282e-01 +9.180085e+02 +3.565557e+02     Pix  5 14
+2.995320e-03 +8.453357e-01 +9.383684e+02 +3.554981e+02     Pix  5 15
+2.966237e-03 +8.546009e-01 +9.460423e+02 +3.296115e+02     Pix  5 16
+3.006386e-03 +8.595797e-01 +9.269387e+02 +3.246866e+02     Pix  5 17
+2.987523e-03 +8.404273e-01 +9.459552e+02 +3.512318e+02     Pix  5 18
+2.944434e-03 +8.355878e-01 +9.423006e+02 +3.332770e+02     Pix  5 19
+2.977110e-03 +8.068224e-01 +9.556547e+02 +3.038995e+02     Pix  5 20
+3.109609e-03 +8.795690e-01 +9.134571e+02 +3.885661e+02     Pix  5 21
+3.131867e-03 +8.500536e-01 +9.103901e+02 +3.671214e+02     Pix  5 22
+3.042641e-03 +8.623323e-01 +9.166655e+02 +3.451336e+02     Pix  5 23
+3.027574e-03 +8.946461e-01 +9.269187e+02 +3.779613e+02     Pix  5 24
+2.967303e-03 +8.379966e-01 +9.465136e+02 +3.283565e+02     Pix  5 25
+3.001289e-03 +8.367753e-01 +9.405843e+02 +3.173620e+02     Pix  5 26
+3.166275e-03 +8.932237e-01 +9.037249e+02 +3.892946e+02     Pix  5 27
+2.937379e-03 +8.537717e-01 +9.365426e+02 +3.375897e+02     Pix  5 28
+2.983228e-03 +8.695273e-01 +9.219751e+02 +3.319718e+02     Pix  5 29
+3.023013e-03 +8.199836e-01 +9.356356e+02 +3.686923e+02     Pix  5 30
+2.969588e-03 +8.749109e-01 +9.293629e+02 +3.463094e+02     Pix  5 31
+2.990035e-03 +8.439169e-01 +9.329666e+02 +3.174102e+02     Pix  5 32
+3.098651e-03 +8.586299e-01 +9.194887e+02 +3.734588e+02     Pix  5 33
+2.981001e-03 +8.492124e-01 +9.329058e+02 +3.406218e+02     Pix  5 34
+3.031017e-03 +8.952777e-01 +9.039910e+02 +3.442682e+02     Pix  5 35
+2.960716e-03 +8.581480e-01 +9.398784e+02 +3.608398e+02     Pix  5 36
+3.045395e-03 +8.781030e-01 +9.206888e+02 +3.539464e+02     Pix  5 37
+3.048669e-03 +9.019195e-01 +9.014553e+02 +3.468254e+02     Pix  5 38
+2.865209e-03 +8.287216e-01 +9.443434e+02 +3.389155e+02     Pix  5 39
+2.947213e-03 +8.471759e-01 +9.337794e+02 +3.388236e+02     Pix  5 40
+2.882565e-03 +8.076178e-01 +9.432296e+02 +3.142761e+02     Pix  5 41
+2.789065e-03 +8.066611e-01 +9.537853e+02 +3.408165e+02     Pix  5 42
+2.848820e-03 +7.950209e-01 +9.465570e+02 +3.253546e+02     Pix  5 43
+2.941058e-03 +8.319088e-01 +9.419098e+02 +3.190252e+02     Pix  5 44
+2.921440e-03 +8.392748e-01 +9.499811e+02 +3.229442e+02     Pix  5 45
+2.890766e-03 +8.102577e-01 +9.569205e+02 +2.995378e+02     Pix  5 46
+2.891227e-03 +8.478062e-01 +9.417310e+02 +3.044321e+02     Pix  5 47
+2.904718e-03 +8.444508e-01 +9.365668e+02 +3.430175e+02     Pix  5 48
+2.918161e-03 +8.142717e-01 +9.472301e+02 +3.272335e+02     Pix  5 49
+2.760370e-03 +7.846832e-01 +9.809140e+02 +2.636795e+02     Pix  5 50
+2.880296e-03 +8.410975e-01 +9.363286e+02 +3.369430e+02     Pix  5 51
+2.925883e-03 +8.662977e-01 +9.170078e+02 +3.425067e+02     Pix  5 52
+2.939597e-03 +8.563488e-01 +9.263114e+02 +3.184344e+02     Pix  5 53
+2.842753e-03 +8.227157e-01 +9.522809e+02 +3.273108e+02     Pix  5 54
+2.772343e-03 +7.999289e-01 +9.654962e+02 +3.032290e+02     Pix  5 55
+3.065501e-03 +8.855285e-01 +8.999512e+02 +3.452206e+02     Pix  5 56
+2.725413e-03 +7.813364e-01 +9.770212e+02 +2.989644e+02     Pix  5 57
+2.721354e-03 +7.793914e-01 +9.752118e+02 +2.841118e+02     Pix  5 58
+3.095531e-03 +9.844655e-01 +8.773947e+02 +3.632226e+02     Pix  5 59
+2.845935e-03 +8.236766e-01 +9.634994e+02 +3.122523e+02     Pix  5 60
+2.801942e-03 +8.566657e-01 +9.580257e+02 +2.925769e+02     Pix  5 61
+2.935987e-03 +8.602563e-01 +9.245169e+02 +3.184841e+02     Pix  5 62
+2.899442e-03 +8.312974e-01 +9.551392e+02 +3.199415e+02     Pix  5 63
+2.757725e-03 +8.168831e-01 +9.621947e+02 +2.947030e+02     Pix  5 64
+2.764802e-03 +8.271560e-01 +9.580380e+02 +2.847890e+02     Pix  5 65
+3.127131e-03 +1.039764e+00 +8.486360e+02 +4.269009e+02     Pix  5 66
+2.679481e-03 +7.992296e-01 +9.777450e+02 +2.937914e+02     Pix  5 67
+2.628939e-03 +7.827064e-01 +9.668809e+02 +2.781296e+02     Pix  5 68
+2.550686e-03 +7.453685e-01 +9.972574e+02 +2.826838e+02     Pix  5 69
+2.626277e-03 +7.549394e-01 +9.755588e+02 +2.891144e+02     Pix  5 70
+2.710757e-03 +8.540942e-01 +9.393895e+02 +3.049724e+02     Pix  5 71
+2.745867e-03 +8.369075e-01 +9.455114e+02 +3.311412e+02     Pix  5 72
+2.750234e-03 +8.529407e-01 +9.374481e+02 +3.306393e+02     Pix  5 73
+2.616837e-03 +7.929492e-01 +9.671766e+02 +2.814023e+02     Pix  5 74
+2.820710e-03 +8.609489e-01 +9.264028e+02 +3.553243e+02     Pix  5 75
+2.657152e-03 +8.072427e-01 +9.516558e+02 +3.267914e+02     Pix  5 76
+2.637344e-03 +7.850748e-01 +9.569593e+02 +2.933927e+02     Pix  5 77
+2.677112e-03 +8.026945e-01 +9.715262e+02 +3.169447e+02     Pix  5 78
+2.568029e-03 +7.756549e-01 +9.642230e+02 +3.151186e+02     Pix  5 79
+2.950861e-03 +8.116464e-01 +9.765368e+02 +3.204857e+02     Pix  6  0
+3.074648e-03 +8.793897e-01 +9.318986e+02 +3.440414e+02     Pix  6  1
+2.997760e-03 +8.432653e-01 +9.564879e+02 +2.921032e+02     Pix  6  2
+2.959767e-03 +8.329280e-01 +9.691172e+02 +3.306544e+02     Pix  6  3
+2.976541e-03 +8.335489e-01 +9.568739e+02 +3.207845e+02     Pix  6  4
+3.012251e-03 +8.434828e-01 +9.486973e+02 +3.076355e+02     Pix  6  5
+3.048203e-03 +8.568711e-01 +9.475774e+02 +3.491490e+02     Pix  6  6
+3.154365e-03 +9.022158e-01 +9.146586e+02 +3.606253e+02     Pix  6  7
+3.094366e-03 +9.036265e-01 +9.246927e+02 +3.220710e+02     Pix  6  8
+3.141953e-03 +8.866255e-01 +9.360586e+02 +3.393549e+02     Pix  6  9
+3.038080e-03 +8.775753e-01 +9.434471e+02 +3.210602e+02     Pix  6 10
+3.206162e-03 +9.104524e-01 +9.064318e+02 +3.383701e+02     Pix  6 11
+3.171519e-03 +9.248714e-01 +9.153247e+02 +3.606607e+02     Pix  6 12
+3.050970e-03 +8.575921e-01 +9.511949e+02 +3.135093e+02     Pix  6 13
+3.094097e-03 +8.832837e-01 +9.206643e+02 +3.229187e+02     Pix  6 14
+2.826228e-03 +7.809827e-01 +9.944072e+02 +2.843866e+02     Pix  6 15
+3.055578e-03 +8.274798e-01 +9.555374e+02 +3.061564e+02     Pix  6 16
+3.078916e-03 +8.765782e-01 +9.363851e+02 +3.061261e+02     Pix  6 17
+2.932600e-03 +8.101587e-01 +9.744440e+02 +3.028642e+02     Pix  6 18
+2.946578e-03 +8.505631e-01 +9.585140e+02 +3.000189e+02     Pix  6 19
+2.959220e-03 +8.011346e-01 +9.682411e+02 +2.760571e+02     Pix  6 20
+2.978451e-03 +8.439809e-01 +9.640541e+02 +3.126348e+02     Pix  6 21
+2.863668e-03 +8.143876e-01 +9.814848e+02 +2.734167e+02     Pix  6 22
+2.940903e-03 +8.129341e-01 +9.537535e+02 +2.877863e+02     Pix  6 23
+2.834361e-03 +7.657507e-01 +9.924449e+02 +2.831887e+02     Pix  6 24
+2.918824e-03 +8.132988e-01 +9.619477e+02 +3.056904e+02     Pix  6 25
+2.915041e-03 +7.810878e-01 +9.880743e+02 +2.602887e+02     Pix  6 26
+3.030772e-03 +8.648123e-01 +9.505201e+02 +3.234175e+02     Pix  6 27
+2.907233e-03 +8.006780e-01 +9.640027e+02 +2.950774e+02     Pix  6 28
+3.069774e-03 +8.648824e-01 +9.355319e+02 +3.039212e+02     Pix  6 29
+3.122456e-03 +8.958998e-01 +9.208325e+02 +3.502055e+02     Pix  6 30
+2.896922e-03 +8.271179e-01 +9.672396e+02 +2.954987e+02     Pix  6 31
+3.065066e-03 +9.160155e-01 +9.206707e+02 +3.188856e+02     Pix  6 32
+3.000984e-03 +8.486395e-01 +9.569226e+02 +3.164386e+02     Pix  6 33
+2.936897e-03 +8.210714e-01 +9.572527e+02 +2.856925e+02     Pix  6 34
+2.925848e-03 +8.174807e-01 +9.543715e+02 +2.876775e+02     Pix  6 35
+2.902426e-03 +8.452227e-01 +9.664402e+02 +3.065803e+02     Pix  6 36
+2.940678e-03 +8.257584e-01 +9.611965e+02 +2.903241e+02     Pix  6 37
+2.810536e-03 +8.175443e-01 +9.737408e+02 +2.695110e+02     Pix  6 38
+2.811651e-03 +7.918967e-01 +9.925985e+02 +2.816107e+02     Pix  6 39
+2.925825e-03 +8.597378e-01 +9.500566e+02 +3.030668e+02     Pix  6 40
+2.695979e-03 +7.270809e-01 +1.003781e+03 +2.332263e+02     Pix  6 41
+2.910185e-03 +8.044483e-01 +9.748093e+02 +3.005199e+02     Pix  6 42
+2.972278e-03 +8.442238e-01 +9.484758e+02 +3.075741e+02     Pix  6 43
+3.054506e-03 +9.089161e-01 +9.179956e+02 +3.184401e+02     Pix  6 44
+2.970924e-03 +8.870879e-01 +9.367775e+02 +3.268862e+02     Pix  6 45
+2.806863e-03 +7.959912e-01 +9.882466e+02 +2.561080e+02     Pix  6 46
+2.918927e-03 +8.707146e-01 +9.345581e+02 +2.926600e+02     Pix  6 47
+2.818184e-03 +8.119487e-01 +9.801779e+02 +2.900936e+02     Pix  6 48
+2.911877e-03 +8.234985e-01 +9.536794e+02 +2.911959e+02     Pix  6 49
+2.804656e-03 +7.841099e-01 +9.867851e+02 +2.556012e+02     Pix  6 50
+2.765316e-03 +7.851305e-01 +9.928153e+02 +2.778828e+02     Pix  6 51
+2.658778e-03 +7.652750e-01 +1.007877e+03 +2.374105e+02     Pix  6 52
+2.939491e-03 +9.005778e-01 +9.237326e+02 +3.028008e+02     Pix  6 53
+3.094675e-03 +9.639797e-01 +8.860196e+02 +3.881725e+02     Pix  6 54
+2.956831e-03 +8.709780e-01 +9.412584e+02 +3.042092e+02     Pix  6 55
+2.785728e-03 +8.322656e-01 +9.541071e+02 +2.861310e+02     Pix  6 56
+2.747881e-03 +8.273567e-01 +9.721371e+02 +2.980447e+02     Pix  6 57
+2.768025e-03 +8.100594e-01 +9.769478e+02 +2.696441e+02     Pix  6 58
+2.846371e-03 +8.121089e-01 +9.525481e+02 +2.926046e+02     Pix  6 59
+2.779285e-03 +8.119404e-01 +9.811328e+02 +2.951144e+02     Pix  6 60
+2.778534e-03 +8.334212e-01 +9.581964e+02 +2.847246e+02     Pix  6 61
+2.825028e-03 +8.288125e-01 +9.654461e+02 +2.673846e+02     Pix  6 62
+2.633527e-03 +8.129526e-01 +9.975259e+02 +2.684594e+02     Pix  6 63
+2.845591e-03 +8.208259e-01 +9.528040e+02 +2.880977e+02     Pix  6 64
+2.785916e-03 +7.979034e-01 +9.643926e+02 +2.619833e+02     Pix  6 65
+2.566937e-03 +7.782391e-01 +1.013168e+03 +2.597656e+02     Pix  6 66
+2.697588e-03 +8.052595e-01 +9.774826e+02 +2.660975e+02     Pix  6 67
+2.665132e-03 +7.951082e-01 +9.830257e+02 +2.538764e+02     Pix  6 68
+2.589459e-03 +7.756783e-01 +1.005812e+03 +2.631207e+02     Pix  6 69
+2.599312e-03 +7.521912e-01 +9.930127e+02 +2.557787e+02     Pix  6 70
+2.565028e-03 +7.575398e-01 +1.004815e+03 +2.306574e+02     Pix  6 71
+2.483265e-03 +7.123999e-01 +1.038673e+03 +2.392184e+02     Pix  6 72
+2.581749e-03 +7.702852e-01 +9.904633e+02 +2.539708e+02     Pix  6 73
+2.613691e-03 +7.599562e-01 +9.925028e+02 +2.525729e+02     Pix  6 74
+2.661903e-03 +8.354356e-01 +9.520746e+02 +3.235114e+02     Pix  6 75
+2.582553e-03 +7.736157e-01 +9.884583e+02 +2.607781e+02     Pix  6 76
+2.533677e-03 +7.571274e-01 +9.937542e+02 +2.472222e+02     Pix  6 77
+2.650090e-03 +8.048956e-01 +9.643153e+02 +3.132186e+02     Pix  6 78
+2.556910e-03 +7.497533e-01 +1.006878e+03 +2.577364e+02     Pix  6 79
+3.116544e-03 +8.859761e-01 +9.342933e+02 +3.747733e+02     Pix  7  0
+3.006357e-03 +8.741865e-01 +9.610383e+02 +3.127052e+02     Pix  7  1
+2.915708e-03 +8.275627e-01 +9.798265e+02 +2.958627e+02     Pix  7  2
+2.969841e-03 +8.394286e-01 +9.823463e+02 +3.159715e+02     Pix  7  3
+2.982347e-03 +8.755786e-01 +9.452441e+02 +3.284473e+02     Pix  7  4
+3.034748e-03 +8.599754e-01 +9.410662e+02 +3.208302e+02     Pix  7  5
+2.944763e-03 +8.223688e-01 +9.723524e+02 +3.334676e+02     Pix  7  6
+3.133145e-03 +8.905813e-01 +9.271679e+02 +3.463210e+02     Pix  7  7
+3.063614e-03 +8.831415e-01 +9.467867e+02 +3.203484e+02     Pix  7  8
+3.054683e-03 +8.653806e-01 +9.465204e+02 +3.326277e+02     Pix  7  9
+3.281819e-03 +9.889605e-01 +8.752307e+02 +3.982780e+02     Pix  7 10
+3.069589e-03 +8.550249e-01 +9.382533e+02 +3.118587e+02     Pix  7 11
+2.995325e-03 +8.661521e-01 +9.593598e+02 +3.294076e+02     Pix  7 12
+2.904654e-03 +8.370700e-01 +9.733804e+02 +3.025658e+02     Pix  7 13
+3.143356e-03 +9.298170e-01 +9.105961e+02 +3.442297e+02     Pix  7 14
+3.093842e-03 +8.704742e-01 +9.338570e+02 +3.440222e+02     Pix  7 15
+2.962968e-03 +8.399750e-01 +9.632798e+02 +3.066785e+02     Pix  7 16
+3.153751e-03 +8.947042e-01 +9.131273e+02 +3.335562e+02     Pix  7 17
+3.047005e-03 +8.877788e-01 +9.497372e+02 +3.384068e+02     Pix  7 18
+2.955729e-03 +8.405174e-01 +9.718354e+02 +3.046877e+02     Pix  7 19
+3.061053e-03 +8.509468e-01 +9.504408e+02 +2.934777e+02     Pix  7 20
+3.155236e-03 +9.156987e-01 +9.153074e+02 +3.649395e+02     Pix  7 21
+2.998527e-03 +8.498321e-01 +9.616477e+02 +3.118631e+02     Pix  7 22
+3.090323e-03 +8.818752e-01 +9.397234e+02 +3.021221e+02     Pix  7 23
+3.038779e-03 +9.053674e-01 +9.344122e+02 +3.453689e+02     Pix  7 24
+3.210225e-03 +9.837322e-01 +8.882158e+02 +3.867177e+02     Pix  7 25
+2.924104e-03 +8.450146e-01 +9.586045e+02 +2.896352e+02     Pix  7 26
+2.967921e-03 +8.643080e-01 +9.618795e+02 +3.165668e+02     Pix  7 27
+3.126875e-03 +9.035604e-01 +9.208785e+02 +3.552574e+02     Pix  7 28
+3.014340e-03 +8.736827e-01 +9.484339e+02 +2.971229e+02     Pix  7 29
+3.093540e-03 +8.760937e-01 +9.256061e+02 +3.608134e+02     Pix  7 30
+2.966468e-03 +8.586610e-01 +9.550184e+02 +3.208011e+02     Pix  7 31
+3.043671e-03 +8.370549e-01 +9.435594e+02 +3.029819e+02     Pix  7 32
+3.101746e-03 +8.925456e-01 +9.303853e+02 +3.454270e+02     Pix  7 33
+3.012780e-03 +8.853052e-01 +9.420278e+02 +3.240722e+02     Pix  7 34
+3.148361e-03 +8.973378e-01 +9.172200e+02 +3.233748e+02     Pix  7 35
+3.035551e-03 +8.686636e-01 +9.401532e+02 +3.338865e+02     Pix  7 36
+2.926763e-03 +8.301887e-01 +9.679352e+02 +3.009667e+02     Pix  7 37
+2.979114e-03 +8.433530e-01 +9.606663e+02 +2.832057e+02     Pix  7 38
+2.987579e-03 +8.534797e-01 +9.420827e+02 +3.333299e+02     Pix  7 39
+3.085919e-03 +8.817129e-01 +9.320064e+02 +3.426369e+02     Pix  7 40
+3.029159e-03 +8.329389e-01 +9.441557e+02 +2.979684e+02     Pix  7 41
+3.026047e-03 +8.843361e-01 +9.353399e+02 +3.456927e+02     Pix  7 42
+3.289289e-03 +1.066687e+00 +8.522911e+02 +4.214477e+02     Pix  7 43
+3.009414e-03 +8.538171e-01 +9.395919e+02 +3.130541e+02     Pix  7 44
+2.963309e-03 +8.616620e-01 +9.491630e+02 +3.288816e+02     Pix  7 45
+2.954922e-03 +8.763094e-01 +9.473935e+02 +3.003032e+02     Pix  7 46
+2.812891e-03 +7.880318e-01 +9.974837e+02 +2.493623e+02     Pix  7 47
+2.809193e-03 +8.213088e-01 +9.860856e+02 +2.920099e+02     Pix  7 48
+2.862319e-03 +8.161737e-01 +9.672588e+02 +2.861166e+02     Pix  7 49
+2.964176e-03 +8.683362e-01 +9.514764e+02 +2.925478e+02     Pix  7 50
+2.845313e-03 +8.391885e-01 +9.833919e+02 +2.900126e+02     Pix  7 51
+2.934249e-03 +9.299440e-01 +9.333373e+02 +3.141594e+02     Pix  7 52
+2.910099e-03 +8.521747e-01 +9.577645e+02 +2.836629e+02     Pix  7 53
+2.957078e-03 +8.655525e-01 +9.526662e+02 +3.214324e+02     Pix  7 54
+2.759589e-03 +7.985062e-01 +9.818727e+02 +2.730590e+02     Pix  7 55
+2.949165e-03 +8.821317e-01 +9.410760e+02 +3.036237e+02     Pix  7 56
+2.811878e-03 +8.384935e-01 +9.787809e+02 +2.962196e+02     Pix  7 57
+2.839573e-03 +7.946482e-01 +9.825683e+02 +2.690157e+02     Pix  7 58
+2.757851e-03 +7.925505e-01 +1.005434e+03 +2.398805e+02     Pix  7 59
+2.729750e-03 +7.785069e-01 +9.964752e+02 +2.807369e+02     Pix  7 60
+2.778138e-03 +8.252851e-01 +9.775803e+02 +2.704710e+02     Pix  7 61
+2.895365e-03 +8.301607e-01 +9.625061e+02 +2.838086e+02     Pix  7 62
+2.714965e-03 +8.101024e-01 +9.844354e+02 +2.917611e+02     Pix  7 63
+2.886136e-03 +8.881315e-01 +9.434868e+02 +2.984975e+02     Pix  7 64
+2.623903e-03 +7.418188e-01 +1.024033e+03 +2.187092e+02     Pix  7 65
+2.799867e-03 +8.270210e-01 +9.795122e+02 +2.949618e+02     Pix  7 66
+2.839486e-03 +8.321190e-01 +9.597754e+02 +2.854230e+02     Pix  7 67
+2.663198e-03 +7.977076e-01 +9.935814e+02 +2.497149e+02     Pix  7 68
+2.718839e-03 +8.418541e-01 +9.675027e+02 +2.971923e+02     Pix  7 69
+2.803799e-03 +8.585023e-01 +9.463900e+02 +3.003571e+02     Pix  7 70
+2.696792e-03 +8.310084e-01 +9.705178e+02 +2.690048e+02     Pix  7 71
+2.585424e-03 +7.985240e-01 +1.011115e+03 +2.632162e+02     Pix  7 72
+2.662120e-03 +8.033330e-01 +9.819453e+02 +2.689573e+02     Pix  7 73
+2.609023e-03 +8.268068e-01 +9.735968e+02 +2.668949e+02     Pix  7 74
+2.606053e-03 +7.998674e-01 +9.930055e+02 +2.873140e+02     Pix  7 75
+2.598520e-03 +8.039228e-01 +9.903630e+02 +2.698760e+02     Pix  7 76
+2.525075e-03 +7.465319e-01 +1.034987e+03 +2.126313e+02     Pix  7 77
+2.600928e-03 +7.697346e-01 +1.004272e+03 +2.729439e+02     Pix  7 78
+2.562785e-03 +8.002727e-01 +9.932896e+02 +2.823758e+02     Pix  7 79
+3.355229e-03 +9.895922e-01 +8.702344e+02 +4.408755e+02     Pix  8  0
+3.264595e-03 +9.149325e-01 +8.955345e+02 +3.943266e+02     Pix  8  1
+3.085127e-03 +8.667294e-01 +9.246902e+02 +3.524485e+02     Pix  8  2
+3.106781e-03 +8.908125e-01 +9.214099e+02 +3.843106e+02     Pix  8  3
+3.158177e-03 +8.525604e-01 +9.186928e+02 +3.789540e+02     Pix  8  4
+3.047478e-03 +8.412311e-01 +9.431977e+02 +3.314388e+02     Pix  8  5
+3.156715e-03 +9.146334e-01 +9.147118e+02 +3.925472e+02     Pix  8  6
+3.037665e-03 +8.404569e-01 +9.420356e+02 +3.461911e+02     Pix  8  7
+3.054556e-03 +8.596510e-01 +9.455899e+02 +3.302023e+02     Pix  8  8
+3.073543e-03 +8.494138e-01 +9.403565e+02 +3.664375e+02     Pix  8  9
+3.086776e-03 +8.479410e-01 +9.481249e+02 +3.264960e+02     Pix  8 10
+3.125436e-03 +8.544554e-01 +9.265564e+02 +3.320984e+02     Pix  8 11
+3.083804e-03 +8.549987e-01 +9.393694e+02 +3.687181e+02     Pix  8 12
+3.482892e-03 +1.055826e+00 +8.482131e+02 +4.246931e+02     Pix  8 13
+3.246127e-03 +9.641179e-01 +8.894967e+02 +3.667438e+02     Pix  8 14
+3.115337e-03 +8.593369e-01 +9.263403e+02 +3.724147e+02     Pix  8 15
+2.962919e-03 +7.951692e-01 +9.810306e+02 +2.991152e+02     Pix  8 16
+3.211497e-03 +9.592598e-01 +8.828649e+02 +3.664364e+02     Pix  8 17
+3.105087e-03 +8.795131e-01 +9.345574e+02 +3.708441e+02     Pix  8 18
+3.044291e-03 +8.469941e-01 +9.455898e+02 +3.293795e+02     Pix  8 19
+3.199191e-03 +9.132531e-01 +8.947540e+02 +3.542139e+02     Pix  8 20
+3.073573e-03 +8.399157e-01 +9.424045e+02 +3.570824e+02     Pix  8 21
+2.972380e-03 +8.241617e-01 +9.595969e+02 +3.143159e+02     Pix  8 22
+3.145840e-03 +8.742190e-01 +9.131900e+02 +3.516083e+02     Pix  8 23
+3.034453e-03 +8.775332e-01 +9.468445e+02 +3.500671e+02     Pix  8 24
+3.062952e-03 +8.464440e-01 +9.322889e+02 +3.430514e+02     Pix  8 25
+3.012719e-03 +8.367481e-01 +9.419684e+02 +3.037827e+02     Pix  8 26
+3.004401e-03 +8.664039e-01 +9.477850e+02 +3.380814e+02     Pix  8 27
+3.055166e-03 +8.483273e-01 +9.423120e+02 +3.331696e+02     Pix  8 28
+3.096685e-03 +8.769508e-01 +9.114983e+02 +3.346739e+02     Pix  8 29
+3.039802e-03 +8.422502e-01 +9.319766e+02 +3.745212e+02     Pix  8 30
+2.981489e-03 +8.439901e-01 +9.465574e+02 +3.278495e+02     Pix  8 31
+2.991027e-03 +8.134567e-01 +9.507431e+02 +3.086741e+02     Pix  8 32
+3.008170e-03 +8.135733e-01 +9.515303e+02 +3.325232e+02     Pix  8 33
+3.039510e-03 +8.144757e-01 +9.508476e+02 +3.256144e+02     Pix  8 34
+3.095844e-03 +8.604728e-01 +9.231059e+02 +3.199158e+02     Pix  8 35
+3.113303e-03 +8.775196e-01 +9.208352e+02 +3.675512e+02     Pix  8 36
+3.088187e-03 +8.954673e-01 +9.116825e+02 +3.584827e+02     Pix  8 37
+2.892093e-03 +8.045502e-01 +9.452278e+02 +3.088751e+02     Pix  8 38
+2.918633e-03 +8.942238e-01 +9.246093e+02 +3.565622e+02     Pix  8 39
+3.044500e-03 +8.601815e-01 +9.307519e+02 +3.458116e+02     Pix  8 40
+2.885233e-03 +7.955871e-01 +9.559506e+02 +2.949630e+02     Pix  8 41
+2.906771e-03 +8.384643e-01 +9.609697e+02 +3.288258e+02     Pix  8 42
+2.881663e-03 +7.979228e-01 +9.747781e+02 +3.029846e+02     Pix  8 43
+3.001181e-03 +8.273994e-01 +9.378582e+02 +3.135077e+02     Pix  8 44
+3.028082e-03 +8.349197e-01 +9.396428e+02 +3.357606e+02     Pix  8 45
+3.082214e-03 +9.052281e-01 +9.091482e+02 +3.612192e+02     Pix  8 46
+2.777657e-03 +7.801583e-01 +9.809055e+02 +2.647118e+02     Pix  8 47
+2.880452e-03 +8.200304e-01 +9.619109e+02 +3.212998e+02     Pix  8 48
+2.865048e-03 +7.669037e-01 +9.705652e+02 +3.058042e+02     Pix  8 49
+2.954119e-03 +9.119847e-01 +9.175508e+02 +3.261596e+02     Pix  8 50
+2.926374e-03 +8.260431e-01 +9.467700e+02 +3.336084e+02     Pix  8 51
+2.878477e-03 +8.661108e-01 +9.555969e+02 +3.124287e+02     Pix  8 52
+3.135593e-03 +8.780140e-01 +8.970234e+02 +3.454891e+02     Pix  8 53
+2.919851e-03 +8.548678e-01 +9.385898e+02 +3.376129e+02     Pix  8 54
+2.825128e-03 +8.226044e-01 +9.579001e+02 +3.100196e+02     Pix  8 55
+2.905867e-03 +8.246108e-01 +9.417401e+02 +3.019221e+02     Pix  8 56
+2.986807e-03 +8.815386e-01 +9.191207e+02 +3.582977e+02     Pix  8 57
+2.849561e-03 +8.178024e-01 +9.590349e+02 +3.146459e+02     Pix  8 58
+2.988813e-03 +8.857629e-01 +9.215831e+02 +3.218730e+02     Pix  8 59
+2.948318e-03 +9.113138e-01 +9.200148e+02 +3.568227e+02     Pix  8 60
+2.875735e-03 +7.938108e-01 +9.713433e+02 +3.045455e+02     Pix  8 61
+2.752575e-03 +8.013811e-01 +9.740148e+02 +2.730217e+02     Pix  8 62
+2.855931e-03 +8.541673e-01 +9.510030e+02 +3.225051e+02     Pix  8 63
+2.905131e-03 +8.622019e-01 +9.344514e+02 +3.278166e+02     Pix  8 64
+2.979341e-03 +8.875926e-01 +9.134315e+02 +3.251898e+02     Pix  8 65
+2.706688e-03 +7.782653e-01 +9.939716e+02 +2.913344e+02     Pix  8 66
+2.832024e-03 +8.844749e-01 +9.389183e+02 +3.277753e+02     Pix  8 67
+2.835688e-03 +8.040227e-01 +9.440841e+02 +3.114508e+02     Pix  8 68
+2.702121e-03 +8.211135e-01 +9.766858e+02 +2.994221e+02     Pix  8 69
+2.706180e-03 +8.082282e-01 +9.648529e+02 +3.086198e+02     Pix  8 70
+2.851632e-03 +8.644057e-01 +9.230160e+02 +3.201049e+02     Pix  8 71
+2.727970e-03 +8.064111e-01 +9.577048e+02 +3.275625e+02     Pix  8 72
+2.640527e-03 +7.616457e-01 +9.850673e+02 +2.918742e+02     Pix  8 73
+2.675223e-03 +8.129040e-01 +9.562341e+02 +2.879800e+02     Pix  8 74
+2.707940e-03 +7.760168e-01 +9.643764e+02 +3.246516e+02     Pix  8 75
+2.631925e-03 +7.916789e-01 +9.777026e+02 +3.014688e+02     Pix  8 76
+2.675803e-03 +8.026919e-01 +9.603696e+02 +2.824829e+02     Pix  8 77
+2.777981e-03 +8.540653e-01 +9.347837e+02 +3.517028e+02     Pix  8 78
+2.632233e-03 +7.843144e-01 +9.712670e+02 +3.060958e+02     Pix  8 79
+3.146152e-03 +8.992760e-01 +9.283052e+02 +3.851349e+02     Pix  9  0
+3.146296e-03 +8.503714e-01 +9.333761e+02 +3.714319e+02     Pix  9  1
+3.176606e-03 +8.492771e-01 +9.253210e+02 +3.494192e+02     Pix  9  2
+3.191830e-03 +9.079001e-01 +9.080232e+02 +4.165530e+02     Pix  9  3
+3.037358e-03 +8.127095e-01 +9.535942e+02 +3.433214e+02     Pix  9  4
+3.133495e-03 +8.834429e-01 +9.213706e+02 +3.553411e+02     Pix  9  5
+2.970474e-03 +7.832286e-01 +9.673047e+02 +3.465662e+02     Pix  9  6
+2.985788e-03 +8.334593e-01 +9.554065e+02 +3.517185e+02     Pix  9  7
+2.874791e-03 +7.822252e-01 +9.713229e+02 +3.037318e+02     Pix  9  8
+2.938004e-03 +8.168627e-01 +9.703765e+02 +3.376101e+02     Pix  9  9
+3.088472e-03 +8.573255e-01 +9.361568e+02 +3.415190e+02     Pix  9 10
+3.004105e-03 +8.257364e-01 +9.629580e+02 +3.138788e+02     Pix  9 11
+3.128378e-03 +9.023448e-01 +9.198582e+02 +3.870269e+02     Pix  9 12
+3.113712e-03 +8.940911e-01 +9.296769e+02 +3.536426e+02     Pix  9 13
+3.116089e-03 +8.658537e-01 +9.275362e+02 +3.498512e+02     Pix  9 14
+3.121101e-03 +9.025593e-01 +9.278619e+02 +3.806509e+02     Pix  9 15
+2.977348e-03 +8.286458e-01 +9.598571e+02 +3.227666e+02     Pix  9 16
+3.026758e-03 +8.416606e-01 +9.351650e+02 +3.387615e+02     Pix  9 17
+3.101555e-03 +9.046858e-01 +9.288383e+02 +3.801548e+02     Pix  9 18
+3.211183e-03 +8.902213e-01 +9.217074e+02 +3.574379e+02     Pix  9 19
+2.977582e-03 +8.443876e-01 +9.535007e+02 +3.248003e+02     Pix  9 20
+3.180335e-03 +9.346828e-01 +9.109205e+02 +3.970670e+02     Pix  9 21
+3.326520e-03 +9.944224e-01 +8.821612e+02 +3.979369e+02     Pix  9 22
+3.055766e-03 +8.806321e-01 +9.349921e+02 +3.388532e+02     Pix  9 23
+3.118292e-03 +9.053440e-01 +9.287359e+02 +3.773628e+02     Pix  9 24
+3.115830e-03 +9.055330e-01 +9.265446e+02 +3.623200e+02     Pix  9 25
+2.935447e-03 +8.557295e-01 +9.581007e+02 +3.163090e+02     Pix  9 26
+3.127586e-03 +8.952429e-01 +9.321714e+02 +3.723472e+02     Pix  9 27
+3.138039e-03 +8.939839e-01 +9.214500e+02 +3.525445e+02     Pix  9 28
+3.054965e-03 +8.635975e-01 +9.406416e+02 +3.355276e+02     Pix  9 29
+3.048935e-03 +8.404997e-01 +9.376267e+02 +3.689700e+02     Pix  9 30
+3.099406e-03 +8.959327e-01 +9.286343e+02 +3.519854e+02     Pix  9 31
+3.048355e-03 +8.655732e-01 +9.395360e+02 +3.368174e+02     Pix  9 32
+3.089957e-03 +9.097237e-01 +9.281669e+02 +3.571276e+02     Pix  9 33
+3.032468e-03 +8.710975e-01 +9.408537e+02 +3.324342e+02     Pix  9 34
+3.080520e-03 +8.981846e-01 +9.262173e+02 +3.374165e+02     Pix  9 35
+3.044607e-03 +8.663964e-01 +9.453623e+02 +3.644957e+02     Pix  9 36
+2.994224e-03 +8.300389e-01 +9.584101e+02 +3.190326e+02     Pix  9 37
+3.056680e-03 +8.613900e-01 +9.386395e+02 +3.346731e+02     Pix  9 38
+3.166629e-03 +9.196407e-01 +8.885544e+02 +4.153687e+02     Pix  9 39
+3.123689e-03 +8.980165e-01 +9.246348e+02 +3.496217e+02     Pix  9 40
+3.132394e-03 +8.972992e-01 +9.154789e+02 +3.555056e+02     Pix  9 41
+3.082249e-03 +8.900520e-01 +9.252065e+02 +3.797654e+02     Pix  9 42
+2.909246e-03 +8.357916e-01 +9.547138e+02 +3.218311e+02     Pix  9 43
+3.006976e-03 +8.527577e-01 +9.323165e+02 +3.391167e+02     Pix  9 44
+3.056638e-03 +8.849765e-01 +9.269919e+02 +3.661588e+02     Pix  9 45
+3.002733e-03 +8.693687e-01 +9.242263e+02 +3.478754e+02     Pix  9 46
+2.965150e-03 +8.609589e-01 +9.498589e+02 +3.143627e+02     Pix  9 47
+2.958339e-03 +8.314940e-01 +9.484936e+02 +3.572725e+02     Pix  9 48
+3.084699e-03 +8.688401e-01 +9.204148e+02 +3.536238e+02     Pix  9 49
+2.900749e-03 +8.148957e-01 +9.659150e+02 +2.919867e+02     Pix  9 50
+2.929175e-03 +8.337722e-01 +9.395948e+02 +3.577681e+02     Pix  9 51
+2.929206e-03 +8.309312e-01 +9.494907e+02 +3.245372e+02     Pix  9 52
+3.092350e-03 +9.203363e-01 +9.158725e+02 +3.325923e+02     Pix  9 53
+3.027576e-03 +9.069624e-01 +9.208589e+02 +3.664263e+02     Pix  9 54
+2.871393e-03 +7.873668e-01 +9.728916e+02 +3.041604e+02     Pix  9 55
+3.088051e-03 +9.432279e-01 +9.063002e+02 +3.580945e+02     Pix  9 56
+3.038822e-03 +8.904801e-01 +9.190219e+02 +3.778658e+02     Pix  9 57
+2.971671e-03 +8.843451e-01 +9.405115e+02 +3.375532e+02     Pix  9 58
+2.862757e-03 +8.004547e-01 +9.728214e+02 +2.727645e+02     Pix  9 59
+2.949681e-03 +8.963044e-01 +9.479366e+02 +3.459249e+02     Pix  9 60
+2.800266e-03 +7.971111e-01 +9.869926e+02 +2.918430e+02     Pix  9 61
+2.949498e-03 +8.427343e-01 +9.362834e+02 +3.330225e+02     Pix  9 62
+2.668989e-03 +7.410264e-01 +1.017095e+03 +2.677289e+02     Pix  9 63
+2.885436e-03 +8.385923e-01 +9.567600e+02 +3.162430e+02     Pix  9 64
+2.889044e-03 +8.634061e-01 +9.486065e+02 +2.950014e+02     Pix  9 65
+2.888141e-03 +8.348862e-01 +9.671111e+02 +3.338709e+02     Pix  9 66
+2.817040e-03 +8.488406e-01 +9.567991e+02 +3.208418e+02     Pix  9 67
+2.716055e-03 +8.527363e-01 +9.587971e+02 +2.962451e+02     Pix  9 68
+2.890497e-03 +8.622250e-01 +9.358438e+02 +3.532718e+02     Pix  9 69
+2.844512e-03 +9.595971e-01 +9.111668e+02 +3.629531e+02     Pix  9 70
+2.783954e-03 +8.490852e-01 +9.531511e+02 +2.995729e+02     Pix  9 71
+2.746273e-03 +8.375295e-01 +9.510569e+02 +3.465835e+02     Pix  9 72
+2.766827e-03 +8.390220e-01 +9.562232e+02 +3.207149e+02     Pix  9 73
+2.746382e-03 +8.309122e-01 +9.487125e+02 +3.158678e+02     Pix  9 74
+2.726872e-03 +8.173475e-01 +9.576129e+02 +3.256468e+02     Pix  9 75
+2.740592e-03 +8.246710e-01 +9.564816e+02 +3.183169e+02     Pix  9 76
+2.742675e-03 +8.130498e-01 +9.595095e+02 +3.148825e+02     Pix  9 77
+2.645403e-03 +8.137939e-01 +9.826095e+02 +3.262692e+02     Pix  9 78
+2.657130e-03 +8.105237e-01 +9.720632e+02 +3.048007e+02     Pix  9 79
+3.125122e-03 +8.653594e-01 +9.310760e+02 +3.418813e+02     Pix 10  0
+3.159454e-03 +8.755903e-01 +9.206343e+02 +3.361628e+02     Pix 10  1
+2.980996e-03 +8.324525e-01 +9.523866e+02 +2.889893e+02     Pix 10  2
+3.071878e-03 +8.574777e-01 +9.319216e+02 +3.438243e+02     Pix 10  3
+3.185913e-03 +8.942344e-01 +9.200716e+02 +3.356611e+02     Pix 10  4
+3.115844e-03 +8.489190e-01 +9.159647e+02 +3.261800e+02     Pix 10  5
+3.269642e-03 +8.961859e-01 +9.141405e+02 +3.588148e+02     Pix 10  6
+3.108845e-03 +8.516248e-01 +9.431803e+02 +3.195882e+02     Pix 10  7
+3.176677e-03 +8.776565e-01 +9.155448e+02 +3.271439e+02     Pix 10  8
+3.126937e-03 +8.159049e-01 +9.455693e+02 +3.246175e+02     Pix 10  9
+3.099930e-03 +8.354585e-01 +9.424257e+02 +2.993026e+02     Pix 10 10
+3.223915e-03 +9.299409e-01 +9.010710e+02 +3.180118e+02     Pix 10 11
+3.105466e-03 +8.928937e-01 +9.383475e+02 +3.350739e+02     Pix 10 12
+3.226140e-03 +9.086174e-01 +9.047297e+02 +3.364999e+02     Pix 10 13
+3.215570e-03 +9.304163e-01 +8.884097e+02 +3.435718e+02     Pix 10 14
+3.307792e-03 +8.991661e-01 +8.865186e+02 +3.793820e+02     Pix 10 15
+3.082355e-03 +8.529301e-01 +9.220563e+02 +3.210599e+02     Pix 10 16
+3.132414e-03 +9.394967e-01 +9.047972e+02 +3.097949e+02     Pix 10 17
+3.218676e-03 +9.360380e-01 +8.928064e+02 +3.714591e+02     Pix 10 18
+3.197857e-03 +9.106529e-01 +8.967487e+02 +3.455878e+02     Pix 10 19
+3.137771e-03 +8.906213e-01 +9.157609e+02 +3.077291e+02     Pix 10 20
+3.181382e-03 +8.908819e-01 +9.042221e+02 +3.593140e+02     Pix 10 21
+3.250289e-03 +8.643576e-01 +9.088130e+02 +3.337214e+02     Pix 10 22
+3.147863e-03 +8.294565e-01 +9.257989e+02 +3.007407e+02     Pix 10 23
+2.990410e-03 +8.241428e-01 +9.569505e+02 +3.046874e+02     Pix 10 24
+3.081208e-03 +8.740959e-01 +9.291203e+02 +3.151858e+02     Pix 10 25
+3.133546e-03 +9.300540e-01 +9.020644e+02 +3.083403e+02     Pix 10 26
+3.054987e-03 +8.570766e-01 +9.422911e+02 +3.149755e+02     Pix 10 27
+2.945510e-03 +8.422983e-01 +9.459937e+02 +2.986341e+02     Pix 10 28
+2.960840e-03 +7.992380e-01 +9.489485e+02 +2.645225e+02     Pix 10 29
+3.030720e-03 +8.745045e-01 +9.446018e+02 +3.110273e+02     Pix 10 30
+3.101551e-03 +8.954321e-01 +9.237740e+02 +3.205726e+02     Pix 10 31
+3.102716e-03 +9.350087e-01 +8.961210e+02 +3.171598e+02     Pix 10 32
+3.030102e-03 +8.829899e-01 +9.247453e+02 +3.202738e+02     Pix 10 33
+2.972536e-03 +8.400250e-01 +9.455863e+02 +2.966637e+02     Pix 10 34
+3.118078e-03 +8.939269e-01 +9.153045e+02 +2.951770e+02     Pix 10 35
+2.982114e-03 +8.185480e-01 +9.519502e+02 +3.067119e+02     Pix 10 36
+2.912231e-03 +8.085456e-01 +9.560285e+02 +2.863665e+02     Pix 10 37
+3.145238e-03 +8.618156e-01 +8.917825e+02 +3.250891e+02     Pix 10 38
+3.013812e-03 +8.433961e-01 +9.382655e+02 +3.126830e+02     Pix 10 39
+3.038513e-03 +8.400515e-01 +9.278762e+02 +3.135506e+02     Pix 10 40
+3.043027e-03 +8.769461e-01 +9.184903e+02 +2.907897e+02     Pix 10 41
+3.048905e-03 +8.800279e-01 +9.320752e+02 +3.248939e+02     Pix 10 42
+2.987167e-03 +8.382490e-01 +9.488802e+02 +2.948068e+02     Pix 10 43
+3.083104e-03 +8.800185e-01 +9.302379e+02 +2.781086e+02     Pix 10 44
+3.050777e-03 +8.894383e-01 +9.154459e+02 +3.275487e+02     Pix 10 45
+2.944825e-03 +8.195459e-01 +9.453679e+02 +2.918113e+02     Pix 10 46
+2.987761e-03 +8.440904e-01 +9.327980e+02 +2.802708e+02     Pix 10 47
+3.043288e-03 +8.649574e-01 +9.338374e+02 +3.085717e+02     Pix 10 48
+2.878168e-03 +8.004957e-01 +9.583266e+02 +2.847942e+02     Pix 10 49
+3.085984e-03 +8.879633e-01 +9.153405e+02 +2.964435e+02     Pix 10 50
+3.047855e-03 +8.626867e-01 +9.318488e+02 +3.102008e+02     Pix 10 51
+2.925393e-03 +8.404938e-01 +9.388360e+02 +2.909714e+02     Pix 10 52
+2.871405e-03 +8.113654e-01 +9.579263e+02 +2.554101e+02     Pix 10 53
+2.983033e-03 +8.656623e-01 +9.277812e+02 +3.155562e+02     Pix 10 54
+2.968859e-03 +8.576505e-01 +9.279982e+02 +3.074937e+02     Pix 10 55
+2.875454e-03 +8.503746e-01 +9.392503e+02 +2.724942e+02     Pix 10 56
+2.824370e-03 +8.009180e-01 +9.709890e+02 +2.708665e+02     Pix 10 57
+2.844558e-03 +8.533791e-01 +9.337032e+02 +3.081537e+02     Pix 10 58
+2.769411e-03 +7.968889e-01 +9.661507e+02 +2.458450e+02     Pix 10 59
+2.970997e-03 +8.769550e-01 +9.180711e+02 +3.366647e+02     Pix 10 60
+2.858647e-03 +8.056219e-01 +9.607299e+02 +2.815712e+02     Pix 10 61
+2.793398e-03 +8.470316e-01 +9.425435e+02 +2.652837e+02     Pix 10 62
+2.773242e-03 +7.922477e-01 +9.825696e+02 +2.608537e+02     Pix 10 63
+2.862470e-03 +8.277018e-01 +9.530075e+02 +2.816141e+02     Pix 10 64
+2.855545e-03 +8.256770e-01 +9.410396e+02 +2.688255e+02     Pix 10 65
+2.787856e-03 +8.197060e-01 +9.584439e+02 +2.867759e+02     Pix 10 66
+2.833899e-03 +8.020959e-01 +9.603921e+02 +2.857023e+02     Pix 10 67
+2.788107e-03 +8.116911e-01 +9.464586e+02 +2.668457e+02     Pix 10 68
+2.754460e-03 +8.027599e-01 +9.590481e+02 +2.836301e+02     Pix 10 69
+2.707780e-03 +8.019179e-01 +9.607183e+02 +2.592969e+02     Pix 10 70
+2.751629e-03 +8.095960e-01 +9.415409e+02 +2.691341e+02     Pix 10 71
+2.815877e-03 +8.453932e-01 +9.320449e+02 +3.147738e+02     Pix 10 72
+2.657798e-03 +7.801106e-01 +9.650194e+02 +2.740041e+02     Pix 10 73
+2.787206e-03 +8.411059e-01 +9.309392e+02 +2.802261e+02     Pix 10 74
+2.715166e-03 +8.323176e-01 +9.536939e+02 +2.957022e+02     Pix 10 75
+2.753100e-03 +7.995582e-01 +9.508855e+02 +2.915536e+02     Pix 10 76
+2.769489e-03 +8.221721e-01 +9.455077e+02 +2.705507e+02     Pix 10 77
+2.752552e-03 +8.056186e-01 +9.377039e+02 +3.313696e+02     Pix 10 78
+2.661646e-03 +8.139296e-01 +9.633505e+02 +2.826457e+02     Pix 10 79
+3.235959e-03 +9.013455e-01 +9.136117e+02 +3.641712e+02     Pix 11  0
+3.205913e-03 +9.086527e-01 +9.004158e+02 +3.710160e+02     Pix 11  1
+3.213762e-03 +9.022311e-01 +9.063574e+02 +3.358405e+02     Pix 11  2
+3.197133e-03 +9.028008e-01 +9.139656e+02 +3.615099e+02     Pix 11  3
+3.092658e-03 +8.640444e-01 +9.409414e+02 +3.307429e+02     Pix 11  4
+3.210791e-03 +8.925744e-01 +9.116340e+02 +3.324761e+02     Pix 11  5
+3.232416e-03 +8.825497e-01 +9.037858e+02 +3.734188e+02     Pix 11  6
+3.087456e-03 +8.475367e-01 +9.423108e+02 +3.294495e+02     Pix 11  7
+3.138900e-03 +8.433657e-01 +9.406567e+02 +3.067651e+02     Pix 11  8
+3.256219e-03 +8.839215e-01 +9.138590e+02 +3.629483e+02     Pix 11  9
+3.233247e-03 +9.130560e-01 +9.058496e+02 +3.428813e+02     Pix 11 10
+3.101824e-03 +8.395489e-01 +9.284890e+02 +3.145244e+02     Pix 11 11
+3.186435e-03 +8.859757e-01 +9.154331e+02 +3.581710e+02     Pix 11 12
+3.337432e-03 +1.014064e+00 +8.503349e+02 +4.078788e+02     Pix 11 13
+3.117126e-03 +8.783862e-01 +9.238244e+02 +3.221588e+02     Pix 11 14
+3.057826e-03 +8.120765e-01 +9.535509e+02 +3.225554e+02     Pix 11 15
+3.245058e-03 +9.150287e-01 +9.057504e+02 +3.384628e+02     Pix 11 16
+3.087490e-03 +8.662718e-01 +9.330906e+02 +3.067434e+02     Pix 11 17
+3.116656e-03 +8.686400e-01 +9.312723e+02 +3.440065e+02     Pix 11 18
+3.125573e-03 +8.718865e-01 +9.252758e+02 +3.228472e+02     Pix 11 19
+3.057163e-03 +8.522064e-01 +9.315054e+02 +3.138047e+02     Pix 11 20
+3.180634e-03 +8.943273e-01 +9.128483e+02 +3.657068e+02     Pix 11 21
+3.338385e-03 +9.947211e-01 +8.658994e+02 +3.774770e+02     Pix 11 22
+3.255229e-03 +9.882082e-01 +8.758148e+02 +3.604007e+02     Pix 11 23
+3.093380e-03 +8.496623e-01 +9.372691e+02 +3.406881e+02     Pix 11 24
+3.244922e-03 +9.254158e-01 +8.962135e+02 +3.468069e+02     Pix 11 25
+3.154849e-03 +9.158549e-01 +9.151275e+02 +3.250682e+02     Pix 11 26
+3.079694e-03 +8.558223e-01 +9.479810e+02 +3.297075e+02     Pix 11 27
+3.168410e-03 +9.188938e-01 +9.184208e+02 +3.244316e+02     Pix 11 28
+3.120175e-03 +8.721123e-01 +9.274344e+02 +3.072307e+02     Pix 11 29
+2.918006e-03 +8.292398e-01 +9.727837e+02 +2.986801e+02     Pix 11 30
+3.124470e-03 +9.217356e-01 +9.190445e+02 +3.239698e+02     Pix 11 31
+3.062336e-03 +8.631272e-01 +9.272330e+02 +3.147488e+02     Pix 11 32
+3.020636e-03 +8.416424e-01 +9.507792e+02 +3.210890e+02     Pix 11 33
+3.164229e-03 +8.865146e-01 +9.236860e+02 +3.202372e+02     Pix 11 34
+2.903533e-03 +8.541885e-01 +9.429472e+02 +2.870784e+02     Pix 11 35
+3.103451e-03 +9.458944e-01 +9.053757e+02 +3.627300e+02     Pix 11 36
+3.089682e-03 +8.729488e-01 +9.265700e+02 +3.204211e+02     Pix 11 37
+3.159443e-03 +9.180549e-01 +9.002968e+02 +3.424014e+02     Pix 11 38
+3.023863e-03 +9.131396e-01 +9.272383e+02 +3.469362e+02     Pix 11 39
+3.092172e-03 +8.954103e-01 +9.123678e+02 +3.299495e+02     Pix 11 40
+3.065818e-03 +8.428844e-01 +9.281801e+02 +
