Mode 1
32  85   0   1   1   1   0   2   1   1   1   1   3   3   2   4   8  13  16  24  34  32  39  43  43  48  47  47  50  50  50  50  50  49 
32  87   0   0   1   0   0   1   6   2   4   2   1   2   6   7   8  15  16  27  30  38  39  42  43  45  48  46  48  50  50  50  50  50 
32  88   0   0   0   2   0   1   0   0   2   6   1   8   6  13  19  24  24  29  42  35  40  46  46  47  45  50  49  50  48  50  50  50 
32  87   0   0   0   0   0   1   1   4   0   0   2   4   4   6   8  19  27  18  25  37  37  44  44  48  48  47  49  49  48  49  49  50 
32  94   0   0   0   0   0   2   2   3   1   4   4   5   5   7   9  12  20  19  40  46  47  45  49  49  49  47  49  50  49  49  50  50 
32  88   0   0   0   0   0   2   1   0   2   1   5   3   4   9  11  20  12  16  25  33  38  44  45  49  48  47  49  49  49  49  49  49 
32  86   1   1   0   0   0   0   0   2   2   1   4   2   6   4   3   8  20  17  25  32  35  40  40  43  44  46  49  49  49  50  50  50 
32  94   0   2   1   0   0   0   0   0   1   5   3   3   1   3   5  10   8  15  31  39  41  45  45  47  44  49  45  50  47  48  48  48 
32  93   1   1   0   0   2   0   0   1   0   0   3   6   4   5   8   8  16  23  28  42  43  46  45  48  47  49  49  48  49  50  49  49 
32  84   0   0   0   0   0   0   0   0   0   0   0   1   2   4   5   5   3   6  10  11  17  29  24  33  41  44  46  46  47  46  49  48 
32  92   0   1   1   0   0   1   1   2   0   0   0   1   0   6   7  10  12  26  32  42  43  46  48  49  49  48  49  49  50  48  49  49 
32  95   0   1   0   1   1   1   0   0   0   1   1   1   2   1   3  14  18  38  42  46  48  45  49  47  48  48  47  50  50  50  47  50 
32  84   1   0   1   0   0   1   1   0   0   2   0   1   0   0   3   1   4  11  13  24  25  35  38  37  42  46  46  46  47  49  48  48 
32  91   2   0   0   3   1   0   2   2   4   1   3   6   7   9  20  22  37  40  41  41  45  50  49  45  50  50  49  49  48  50  50  50 
32  88   0   2   0   1   1   0   1   1   1   2   0   2   2   3   1   6   3   6  13  25  27  40  44  46  47  48  49  49  47  49  49  50 
32  92   0   0   0   0   2   3   0   2   3   6   5   5   4   6   5  16  11  21  34  41  46  50  45  47  49  49  50  50  49  50  48  50 
32  90   0   0   1   2   0   1   1   0   0   3   2   2   5   4   5   5  10  14  19  27  40  40  48  47  47  48  49  50  50  50  47  49 
32  88   0   0   0   0   1   2   3   2   3   3   2   4   4   7   7  18  21  22  25  43  42  48  50  50  48  50  49  50  49  50  50  50 
32  89   0   0   0   1   0   1   0   2   1   0   3   5   3   5   3   6   7  12  18  26  25  38  42  50  49  50  47  49  50  48  49  48 
32  84   0   0   0   2   0   2   2   2   1   1   4   6   4   6   5   6   9  20  19  29  31  37  45  47  50  50  50  50  48  48  48  50 
32  90   0   0   0   0   2   0   0   0   3   3   6   5   8   8   9  11  18  21  32  39  37  46  48  49  50  49  50  50  49  49  50  49 
32  96   0   0   0   0   0   0   0   0   2   0   3   4   2   6   8   7  26  27  35  36  43  47  48  49  42  49  50  50  50  50  50  50 
32  93   0   0   0   0   3   1   1   2   3   4   2   6   5  10  13  16  24  34  38  48  45  47  49  45  49  48  49  50  50  50  50  50 
32  91   0   0   1   0   0   0   0   2   2   1   4   5   7   6   5  11  16  14  24  37  38  47  45  49  47  47  49  50  50  49  50  50 
32  88   0   0   0   0   4   0   0   3   1   1   3   1   2   2   5   8   5  13  11  25  26  39  39  45  46  48  49  48  49  49  50  50 
32  95   0   0   1   0   0   1   1   3   3   0   6   6  13  13  20  37  33  45  44  49  46  47  49  48  48  46  49  48  48  49  49  50 
32  84   0   0   0   0   0   4   1   2   1   2   3   7   3   5   5  19  19  19  28  37  38  39  43  44  44  48  47  49  50  50  47  50 
32  87   0   0   0   0   0   0   1   0   0   0   1   1   1   4   3   2   7   7   9  13  18  21  35  30  43  46  49  48  47  47  49  49 
32  83   1   0   0   0   0   0   0   0   1   1   0   5   3   4   8   8   6   9  14  22  21  29  32  39  43  42  47  44  50  45  50  49 
32  80   0   0   0   0   0   0   0   0   0   5   1   3   4   2   4   4   7  15  15  20  28  37  40  41  40  42  47  47  50  47  49  47 
32  94   0   0   2   0   0   0   0   0   0   0   3   5   7   6  11   7  25  19  39  43  39  49  49  49  50  48  48  46  48  48  50  49 
32  80   0   0   1   0   1   3   1   1   1   0   1   1   7   5   8  12  23  21  30  33  45  42  46  43  45  48  47  49  49  49  49  47 
32  94   1   1   0   1   1   1   2   2   1   2   1   2   2   5  12  12  14  30  38  44  47  47  47  48  49  48  47  48  50  50  50  49 
32  93   0   0   1   0   2   1   0   2   2   1   2   1   2   3   5  11  12  22  29  40  44  47  46  47  45  48  48  48  49  48  50  49 
32  88   0   0   0   0   0   0   0   0   2   3   3   1   1   0   0   3   2  10  18  16  24  38  35  42  47  50  47  48  46  48  47  50 
32  95   1   0   0   1   0   1   0   2   4   4   3   0   4   2   5   9  10  31  33  40  46  45  49  48  47  47  48  48  47  50  50  50 
32  85   0   0   0   0   0   0   1   1   2   1   4   1   2   4   1   4   9  17  16  12  26  33  39  36  45  44  48  46  49  50  50  50 
32  85   0   0   1   0   0   0   0   1   3   5   4   5   8   8   7  11  18  19  33  31  39  45  43  44  45  47  50  49  49  49  50  49 
32  90   1   0   1   1   0   0   3   0   3   1   3   3   4  11   7   9  18  20  21  39  41  45  50  48  47  48  49  47  47  50  49  50 
32  88   1   4   0   3   1   0   1   1   6   3   3   7   4   5  15  16  17  23  26  35  30  47  47  50  48  46  49  48  50  50  49  49 
32  90   1   1   0   1   1   3   1   1   2   3   4   3   4   3   7  11   8  11  21  30  35  39  48  50  50  50  47  48  48  50  50  48 
32  81   0   0   1   4   1   0   1   1   5   3   1   1   4   9   5   7   6  18  24  25  39  37  47  46  49  48  50  48  50  49  47  47 
32  87   0   0   0   0   0   1   0   2   2   1   5   4   6   5   5  16  10  16  14  24  35  32  34  46  49  50  50  50  50  50  50  50 
32  83   2   0   1   0   0   2   0   0   3   2   4   5   3   6   3   6  10  10  16  19  30  29  34  41  41  49  49  50  49  50  50  49 
32  84   0   0   0   2   0   0   2   2   1   2   4   3   5   7   6   7  10  17  22  36  33  30  37  39  44  49  47  50  49  50  50  50 
32  84   1   0   2   2   1   0   0   2   2   1   3   5   2   4   7  13  12  14  25  31  32  40  41  45  45  42  48  50  48  50  50  50 
32  92   0   0   1   0   0   2   1   3   2   1   5   2   5   7   8  12  14  22  29  34  44  47  45  47  48  47  47  49  48  48  50  50 
32  89   0   0   0   0   3   0   1   0   4   2   2   6   7   4  10   7  13  17  26  27  37  36  41  46  46  49  46  48  49  50  48  48 
32  89   0   0   0   0   0   0   0   1   1   1   1   4   6   4   8   5   8   7   4  19  25  36  37  46  49  44  48  48  49  49  48  49 
32  89   0   0   0   0   0   0   1   4   2   2   2   4   5  10   9   8  16  25  25  30  22  36  45  46  47  48  48  50  50  50  49  50 
32  88   0   0   0   0   0   0   0   2   2   3   3   8   3   6  10  14  18  24  26  30  38  42  46  44  48  47  50  50  49  50  49  50 
32  90   0   1   0   0   0   0   0   0   2   2   4   0   5   5   9   7  11  16  23  28  33  42  47  46  48  46  46  50  50  47  50  50 
32  86   2   0   0   2   1   2   0   1   0   1   0   4   4  10  18  25  28  23  26  34  39  42  43  48  47  49  48  49  49  49  50  49 
32  81   1   2   1   0   0   0   1   0   0   0   0   1   0   2   3   4  11  12  16  12  22  30  32  37  40  39  43  47  46  49  47  48 
32  90   0   1   0   1   2   0   0   1   3   0   0   1   2   4   7  13  21  29  30  34  40  45  48  45  48  48  50  46  50  47  49  50 
32  84   2   1   0   0   2   0   1   1   1   4   1   0   3   1   0   0   4  11  15  20  20  29  29  41  41  44  44  43  47  46  48  50 
32  86   0   2   2   0   1   5   1   4   0   5   4   4   1   4   6  10  18  29  25  33  39  40  41  45  45  47  49  49  47  48  49  50 
32  88   1   0   0   1   0   0   1   4   2   3   1   6   2   6   4   9   7  14  19  26  32  38  41  46  46  48  48  47  49  46  48  48 
32  95   0   0   0   0   0   0   0   2   1   2   6   6   8   5  11   9  18  35  43  47  44  48  49  50  50  46  49  49  48  47  49  47 
32  81   0   1   0   0   2   0   0   0   2   1   6   2   4   2   7   5   7   8  16  23  26  35  35  32  45  45  45  44  50  48  49  49 
32  93   0   0   1   1   1   4   4   2   4   9   2   3   7  16  16  21  27  27  43  49  49  49  50  50  47  50  48  47  49  48  50  50 
32  90   0   1   0   0   1   1   0   1   3   4   1   4   2   7   8   9   8  11  21  22  34  37  46  48  48  49  50  46  48  47  49  49 
32  85   0   0   0   2   2   2   2   3   2   4   3   5   8   5  16  26  25  36  36  42  41  44  47  49  50  50  49  48  48  49  50  49 
32  85   1   2   2   2   1   1   2   1   1   1   4   4   5   8   8  12  14  15  20  32  26  37  42  47  49  49  50  50  49  49  49  50 
32  91   0   0   0   0   1   1   3   1   2   3   5   4   5   9  11   9  22  26  28  37  36  48  44  49  49  50  50  50  50  50  48  50 
32  84   1   2   0   2   1   1   1   3   1   4   1   2   6   2   3  11   8  11  14  27  24  30  29  37  40  43  49  49  50  50  50  50 
32  99   0   0   1   0   2   1   1   3   1   1   3   5   6   6  13  20  16  24  25  32  40  41  44  47  47  45  45  49  50  50  50  50 
32  93   0   0   1   0   0   2   0   4   1   4   4   5   5  11   5  10  10  23  31  40  42  48  47  46  48  49  50  48  50  50  50  50 
32  89   0   0   1   2   1   3   1   3   2   2   3   7   4  12  11  18  22  32  25  43  40  43  45  48  49  50  50  50  50  50  50  50 
32  88   0   0   0   0   1   1   5   4   1   4   3   3   4  14  14  12  20  29  27  33  37  40  37  47  47  45  46  48  48  50  50  49 
32  93   0   0   1   0   0   1   0   3   5   1   3   3   4   6  13  10  22  26  34  46  46  47  47  49  49  48  48  49  50  50  49  49 
32  95   1   0   0   1   0   1   0   2   3   4   3   2   8  10  11  14  23  29  41  47  41  46  47  49  48  47  46  49  49  48  49  50 
32  85   0   2   1   0   0   0   0   0   1   1   1   1   2   5   9   8   8  12  16  15  29  28  32  42  42  45  43  50  47  48  48  50 
32  94   0   1   1   0   0   0   0   0   0   0   3   3   1   5   1   6  10  19  30  36  39  44  46  45  48  47  48  48  48  49  48  47 
32  93   2   2   1   0   1   2   0   1   0   0   0   1   5   5   1  10   9  12  28  32  43  40  47  48  47  49  48  45  48  47  48  49 
32  86   0   0   0   0   0   1   1   1   1   1   1   1   1   7   7  11  14  19  22  31  37  37  36  42  46  46  48  48  48  48  48  50 
32  96   0   0   0   1   1   0   0   1   1   2   0   1   0   3   5  17  32  32  40  39  44  48  45  50  49  48  50  50  46  50  49  50 
32  91   1   1   1   1   1   3   1   3   3   1   6   3   3   1   6   8  14  17  27  35  40  48  46  46  49  48  49  50  50  48  50  49 
32  90   0   0   0   0   1   0   0   0   3   0   1   3   1   0   0   4   2   5  14  16  19  27  42  41  45  45  45  48  49  49  50  48 
32  97   1   0   0   0   0   0   0   0   1   3   2   6   5   9   6  18  23  29  39  41  41  46  47  48  47  49  47  49  48  50  50  50 
32  90   0   1   0   0   2   2   3   1   1   0   0   1   5   5   2   7  11  13  21  30  30  40  50  50  50  50  50  50  48  50  48  49 
32  89   2   1   1   0   0   1   5   1   3   4   3   5   3  13   8   8  11  13  31  36  43  38  44  49  50  49  50  50  50  49  50  50 
32  89   0   0   0   1   1   0   4   1   3   1   1   2   3   6   9   8   8  19  21  28  32  39  41  44  48  50  50  50  49  50  49  49 
32  86   0   3   0   2   1   1   3   3   2   5   5   2   6   5  14  19  23  31  34  38  38  47  43  45  48  44  48  50  50  50  50  50 
32  77   0   2   1   1   2   1   1   4   1   3   5   3   2   9   5   9  11  20  30  23  37  38  44  45  47  48  47  49  48  50  50  50 
32  91   0   0   0   2   2   2   4   9   5   7   7   4  13  23  20  23  26  30  38  37  44  44  49  47  47  49  50  49  50  50  50  50 
32  76   0   0   0   1   1   1   2   0   2   5   5   1   2   2   2   3   5  13   7  12  18  21  33  34  44  45  47  44  49  45  47  49 
32  86   0   0   0   0   0   5   2   3   2   2   3   6   3   7  14  13  17  24  21  30  38  49  47  43  48  46  48  49  48  50  50  47 
32  83   3   0   0   0   0   0   5   1   3   5   5   6  11  11  18  21  35  31  42  40  47  47  45  47  48  49  46  50  48  48  50  49 
32  85   2   1   0   0   0   0   0   0   2   0   2   3   7   3  11  16  12  21  26  26  30  39  39  42  45  47  48  47  50  49  50  50 
32  82   0   1   1   0   0   0   0   0   0   1   1   4   1   6   5   9  11  14  17  14  25  32  38  38  47  48  46  49  48  48  50  47 
32  89   1   0   1   2   1   2   0   1   2   2   1  11  14  11  16  10  22  29  24  33  38  46  44  46  43  48  47  49  50  49  50  50 
32  87   1   2   0   1   2   2   2   1   0   3   0   3   5  12  14  26  25  34  34  43  46  44  48  47  42  47  46  50  49  47  49  49 
32  92   0   1   2   0   3   0   1   4   0   1   1   0   1   1   4  11  11  23  29  31  46  40  48  49  47  47  49  49  48  49  49  50 
32  86   0   2   0   1   3   0   2   2   3   2   1   0   1   1   2   1   8  18  15  13  21  36  37  39  40  45  49  48  49  48  47  50 
32  88   2   2   1   1   1   5   5   5   5   2   6   9   6  16  27  33  25  34  37  43  47  46  48  43  47  50  45  48  47  49  49  50 
32  87   0   0   2   0   0   1   3   2   2   3   2   5   5   4   7  17  13  20  23  37  40  40  41  49  49  48  43  48  49  49  49  49 
32  91   1   1   0   3   1   1   2   0   4   2   3   6   8  11   9  15  17  32  31  42  45  46  48  45  47  48  47  47  50  49  48  50 
32  79   1   0   0   0   1   3   3   1   0   3   4   3   5   5   6   3   7   8  17  24  33  39  40  45  41  44  47  45  47  48  49  48 
32  95   2   0   3   3   1   2   1   6   7  10   2  17  12  16  28  29  36  45  49  49  50  50  49  48  47  49  50  49  48  49  49  50 
32  83   1   0   1   0   2   2   2   3   4   2   2   8   5   6  12  15  22  31  35  36  47  47  48  48  50  45  46  46  47  50  50  50 
32  91   0   0   0   0   1   0   0   2   2   4   2   3  10   7   8  11  20  19  29  30  38  48  50  49  48  49  49  46  48  46  48  48 
32  83   1   2   1   1   2   1   1   2   0   2   4   0   4   3   7   6  14  13  17  20  34  29  43  44  47  47  50  50  50  48  47  48 
32  89   0   1   2   2   1   1   2   4   4   3   8   3  10  15  21   9  20  26  34  30  41  46  40  49  50  50  50  50  50  49  49  49 
32  89   0   0   0   0   1   1   1   3   3   5   3   9  13   6  20  17  26  31  34  42  45  45  43  47  50  47  49  50  49  50  50  49 
32  91   0   0   0   2   1   3   0   2   2   3   6   4   6   8   9  11  22  30  29  27  42  46  46  48  49  49  47  50  50  50  49  50 
32  87   1   2   1   0   3   3   2   1   7   4   4   4   9   6  11  14  22  25  28  28  41  44  41  47  50  48  48  47  50  50  49  50 
32  84   0   0   1   0   1   0   3   0   2   4   4   3   3   3   6   8   9  11  18  23  17  29  37  37  39  45  47  48  47  48  50  50 
32  87   0   0   0   0   1   0   1   1   3   3   1   4   4   6   3   7  13  14  15  26  33  35  33  37  43  47  48  49  48  48  48  50 
32  88   0   0   0   0   0   1   1   3   4   3   4   4   7  11  12  11  15  18  31  33  30  37  47  45  48  49  48  48  48  49  48  49 
32  86   2   0   0   0   0   0   0   4   5   3   5   7   9   4  11  15  18  23  22  23  34  41  41  43  46  46  46  49  48  49  47  49 
32  90   0   1   1   0   0   0   0   0   3   4   7   7   6  10  10  12  18  26  34  40  37  42  46  46  47  50  47  49  48  49  47  50 
32  89   0   1   0   0   0   0   0   0   1   0   6   4   6   6   9   5  12  17  22  27  31  38  42  48  47  50  48  47  49  48  48  48 
32  90   0   0   3   3   4   0   1   1   1   4   4   7  15  23  21  23  34  39  40  48  41  43  47  46  48  50  50  50  49  50  50  49 
32  90   0   1   1   1   3   1   0   1   0   1   0   0   2   5   5   7  14  15  20  25  40  38  42  43  42  45  47  46  47  48  50  48 
32  80   0   1   1   3   2   2   3   0   1   2   1   1   3   5   4  20  19  27  27  33  36  41  41  49  48  49  46  47  48  49  49  47 
32  86   2   0   1   0   2   3   1   2   1   3   0   0   0   1   2   2  14  21  20  23  32  34  39  43  42  47  49  46  48  49  48  49 
32  93   0   0   3   1   2   3   3   2   2   4   9   0   2   4   5  10  16  14  30  40  44  43  43  46  45  47  47  48  49  49  47  48 
32  82   0   0   1   1   4   0   0   1   2   1   6   3   2   5   3   2   4  10  16  26  32  34  33  39  43  46  47  47  46  45  50  48 
32  82   1   1   0   2   0   2   3   2   1   3   4   4   1   7   9   6  10  15  23  30  36  36  45  43  47  45  45  47  48  47  45  50 
32  90   1   1   2   1   1   0   3   2   4   3   4   6  11   6   9   6  16   9  26  26  37  40  48  46  47  48  49  48  47  50  48  48 
32  80   0   0   2   6   3   3   2   4   4   3   8   9  11  14  14  22  29  32  36  43  46  50  49  47  45  44  48  48  49  49  48  49 
32  88   3   1   4   1   2   3   2   3   3   3   0   7  11   7  16  18  12  21  23  34  31  40  46  49  50  48  46  47  47  49  48  48 
32  80   0   1   2   1   4   0   3   0   3   1   4   0   6   4   7  18  14  30  25  27  35  47  46  50  49  49  50  48  43  49  48  46 
32  85   0   2   2   1   2   2   1   9   1   3   6   4  10  11  17  18  29  33  39  37  37  42  46  49  50  50  49  50  49  50  49  48 
32  81   2   0   0   2   2   0   1   3   4   3   8   5   5  10   6  16  21  23  32  36  36  42  42  46  48  50  50  50  49  48  47  49 
32  90   3   2   1   1   2   4   2   3   5   2   0   4   7  11   7  13  19  24  32  33  41  38  47  46  44  49  50  50  50  50  50  50 
32  90   2   1  10   4   5   3   3   0   4   6   9   5   9  14  20  21  24  36  41  46  45  44  44  46  48  47  47  50  50  49  50  50 
32  91   0   3   1   0   2   2   3   4   9   5   8   8  11  12  21  29  30  37  37  44  43  45  49  49  48  46  50  48  50  50  50  50 
32  90   0   0   0   0   0   1   2   4   2   2   3   2   0   3   5   9   5   6  11  21  26  27  44  47  41  46  46  49  48  47  49  49 
32  82   0   0   0   0   1   2   1   2   0   2   0   2   2   2   4   3   6   8   9  11  19  23  23  29  34  41  37  38  47  46  49  50 
32  90   0   0   0   0   0   2   1   5   4   2   3   4   7   7   7   8  18  25  26  28  36  42  44  44  47  47  47  47  49  48  48  50 
32  91   0   0   0   1   0   0   1   3   5   5   1  10  14   6  11  17  16  26  32  37  36  48  47  45  45  49  49  49  49  48  49  48 
32  82   0   1   1   0   0   0   0   0   1   5   2   4   2  10   8   9  11  24  26  25  40  41  38  45  47  49  47  47  48  48  48  49 
32  87   0   1   0   2   1   0   1   1   1   0   4   9   9  13  15  22  34  31  38  38  43  41  49  48  46  47  48  48  49  50  48  49 
32  85   1   0   0   0   2   0   0   0   0   4   0   2   6   9  11  17  24  24  23  27  40  43  42  45  45  49  44  44  50  49  49  48 
32  88   1   2   2   0   3   2   1   0   0   0   0   1   3   5  12  14  16  19  27  36  34  40  41  47  45  49  50  50  46  48  49  48 
32  89   1   1   0   4   3   6   2   3   3   0   3   0   4   3   9  14  18  19  29  35  40  42  47  48  48  48  47  46  50  49  50  47 
32  94   0   1   2   1   4   2   1   3   4   7   2   1   1   1   2   3  11  20  31  34  42  42  47  48  46  48  46  47  46  48  48  48 
32  92   2   3   1   1   1   1   2   0   3   2   2   5   0   5   3   8  12  16  29  33  43  40  44  45  48  45  48  49  48  49  50  46 
32  92   2   0   0   1   0   2   2   2   4   2   1   4   6   8   7   4   8  14  37  33  47  41  44  47  46  47  48  47  48  46  49  48 
32  91   0   0   0   2   2   2   4   2   1   6   6   6   6  16   8  16  22  26  35  38  45  48  48  47  47  49  48  49  49  47  50  48 
32  93   0   2   2   2   1   1   5   0   5   8   7   3   5   8  18  30  24  35  36  49  49  49  49  50  47  48  49  49  46  50  50  49 
32  92   0   1   0   1   3   2   5   4   2   6   5   7   7   8  12  17  21  31  41  41  48  50  50  50  47  47  48  49  48  50  48  50 
32  87   1   1   0   5   2   5   2   4  11   4   7   5  12  10  15  20  31  25  35  41  46  47  50  50  49  50  49  49  49  48  50  48 
32  83   0   1   2   1   1   2   3   2   4   4   6   4   6   6   7  16  19  19  27  31  36  38  43  44  49  48  50  50  50  48  48  48 
32  89   2   0   0   2   5   1   4   3   3   2   6   3   4  10  10  14  21  28  30  38  38  42  45  50  49  49  50  50  49  50  48  50 
32  86   1   2   0   1   2   0   3   1   4   1   2   3   6   7  10  16  13  22  13  20  28  36  39  41  49  48  49  50  50  50  50  47 
32  95   1   3   0   2   1   3   0   0   3   4   4   2   3   9  10  12  26  37  37  38  46  49  47  45  48  49  49  50  49  50  50  50 
32  89   0   1   2   2   1   0   0   4   2   3   5   7  11  15  13  15  15  25  31  34  39  42  39  46  46  47  49  49  50  50  50  50 
32  92   0   1   1   1   3   0   0   3   2   5   7   3   4   9   6  12  10  15  22  26  40  45  44  46  46  48  47  49  47  50  50  50 
32  92   0   0   0   0   2   0   3   0   1   3   2   3   2   2   6   5   6   7   9  18  34  35  36  43  44  46  44  46  46  48  49  50 
32  92   0   0   0   0   0   1   1   5   3   1   4   5   9   6  10  12  16  22  34  33  44  46  41  48  49  47  49  48  49  48  48  48 
32  90   0   0   0   0   0   0   3   4   2   6   1   6   5   5   7   4   8  11  19  26  34  35  46  47  47  47  45  49  48  46  47  49 
32  96   0   0   0   0   0   0   0   1   4   2   1   3   3   5   7   7  14  23  23  36  38  37  46  43  48  44  44  48  48  48  48  48 
32  97   2   1   0   0   2   1   0   0   1   0   1   6   2   7  12  18  18  27  37  36  34  44  45  41  41  47  48  48  46  50  47  46 
32 105   0   1   0   3   0   0   1   0   0   0   2   9  16  10  15  19  22  29  35  37  45  41  46  45  49  49  43  46  49  48  49  49 
32  95   0   2   0   0   1   2   0   0   1   0   0   1   7   6   7  13  17  30  34  36  40  39  46  44  45  46  44  47  48  47  49  47 
32  96   0   0   1   0   0   0   1   1   0   2   1   1   0   1   2   7  14  18  20  31  31  40  45  41  44  47  45  46  49  48  47  48 
32  98   2   1   0   1   1   0   2   1   2   0   0   0   2   1   8  19  27  33  35  37  43  43  47  49  47  50  49  47  49  48  47  49 
32  88   0   1   1   1   0   2   2   2   1   2   2   6   3   2   9  15  13  25  33  32  43  40  46  46  48  50  48  50  49  50  50  50 
32  77   0   0   1   1   0   1   1   2   2   4   4   6   6  10   4  10  14  26  35  36  42  39  44  41  48  47  49  50  48  48  49  49 
32  93   1   0   2   2   3   3   1   2   2   1   8   4   8   8  10   8  13  17  25  42  46  45  47  44  49  49  49  45  49  45  50  50 
32  90   0   3   0   1   0   2   1   0   3   2   4   3   4   2   9   8  14  12  22  32  40  45  50  50  46  47  49  49  48  50  50  46 
32  90   0   1   2   2   1   2   1   1   1   1   4   6   7  12  11  13  14  19  25  39  39  44  48  49  50  47  49  47  47  50  47  50 
32  89   0   2   0   1   4   0   5   0   3   7   3   3   2   6   9   9  13  10  20  31  36  40  47  48  48  49  50  48  49  49  48  49 
32  86   3   2   2   2   2   1   1   2   4  10   7   4   9  20  26  37  31  39  30  39  44  41  50  50  50  50  50  50  49  48  48  48 
32  88   0   0   0   1   3   0   1   4   1   3   3   3   8   7   6   8  12  12  22  29  35  37  39  49  49  49  50  49  50  49  49  50 
32  88   1   2   0   3   0   2   3   4   3   4   4   7  12  12  19  22  26  31  38  38  43  47  47  47  50  50  50  50  50  50  50  49 
32  96   4   0   0   0   1   0   1   1   3   0   0   0   3   2   6   7   6  16  23  30  37  42  42  37  45  45  47  49  50  50  50  50 
32  92   0   1   0   2   1   0   2   1   4   8   7  10   4   7  10  17  21  25  36  35  43  45  48  47  46  48  48  48  50  50  49  50 
32  81   0   0   0   1   0   6   2   2   1   4   2   3   4   8   4  11  16  23  27  41  36  45  40  42  45  47  46  48  46  48  50  50 
32  82   0   0   0   0   0   1   2   1   2   7   4   5   3   6  10  12  15  17  20  37  38  39  42  43  49  47  45  50  49  49  47  50 
32  93   0   0   0   0   0   1   1   4   3   6   2   2   6   8   8   6  14  16  22  33  42  44  48  49  45  47  49  48  49  46  49  48 
32  92   1   0   0   0   0   0   0   2   1   4   4   5   4   9  11  10  17  17  25  32  41  43  49  49  47  47  45  47  48  49  48  50 
32  95   1   0   0   0   0   0   0   1   2   5   4   4   2   2   2  11  11  19  28  39  41  37  45  49  48  47  46  47  47  49  47  49 
32  85   1   1   1   0   0   0   1   0   0   0   3   6   4   6   5  12  14  20  31  21  37  40  43  40  44  47  43  47  50  49  50  50 
32  94   0   0   0   1   0   0   0   0   0   0   0   1   2   2  11   9  10  16  34  33  37  45  45  48  46  47  49  50  48  47  49  50 
32  83   1   1   0   1   1   1   2   0   2   1   0   0   3   6   7  12  18  17  29  30  43  40  42  41  47  47  48  49  48  47  50  49 
32  90   1   0   1   0   0   2   4   1   2   0   0   0   0   2   2   7   8  11  19  24  24  31  44  48  47  45  47  46  50  47  48  48 
32  81   0   1   1   0   2   2   1   1   1   3   1   0   1   2   5   7   6  13  14  24  33  33  41  46  41  43  43  45  48  43  46  48 
32  90   0   1   0   0   1   1   0   2   3   2   2   2   0   1   1   2   6  16  20  21  22  36  43  44  44  44  47  46  47  49  48  49 
32  82   0   2   1   1   0   2   2   4   2   4   2   5   7   7  10  12  24  32  40  38  43  43  44  44  42  45  46  48  48  50  50  50 
32  88   1   1   1   4   0   0   1   1   0   2   0   7   4   7   8  12   9   9  20  28  32  46  37  44  44  48  45  46  47  46  47  48 
32  86   4   1   1   2   1   1   4   2   4   3   5   3   1   6  13  14  10  19  20  26  37  40  39  43  43  45  46  49  48  47  49  46 
32  89   0   0   0   2   1   1   3   1   3   1   3   0   0   3   7   6   9  17  13  21  34  41  38  48  45  50  48  48  49  48  49  48 
32  89   0   1   1   0   0   0   0   2   1   3   6   3   3   4   6   7   7  10  11  19  24  35  42  42  48  48  49  42  47  50  46  50 
32  87   0   0   1   0   2   1   4   5   4   2   6   6   6   7   3  16  20  18  25  29  33  42  46  46  48  46  48  50  49  47  49  49 
32  91   1   1   1   0   1   2   1   1   1   2   3   3   7   5  11   8  13  17  18  24  38  44  45  50  49  48  50  49  49  48  47  49 
32  82   2   1   1   1   2   3   4   2   4   4   4   7   2   7   9   8  15  22  26  31  34  37  43  43  49  48  50  50  47  46  49  50 
32  86   1   1   1   2   1   1   4   2   3   2   3   6   9  10  14  17  23  30  28  34  40  44  42  45  44  50  50  50  50  49  48  50 
32  94   2   0   1   0   2   5   2   5   3   5   2   6   6   6  10  24  19  21  39  42  46  46  49  49  50  50  47  50  50  50  50  49 
32  83   0   1   0   1   0   1   2   1   2   3   4   1   4   6   6   4   8   9  15  12  16  21  29  32  33  37  45  44  48  50  50  50 
32  92   0   2   0   0   5   3   1   2   4   5   5   9   6   7  12  14  23  30  34  43  43  49  44  48  47  47  48  48  47  49  50  50 
32  84   0   0   0   0   0   0   3   2   2   2   2   5   2   7   3  14  11  13  18  27  27  34  42  46  42  45  45  45  47  48  47  50 
32  86   0   0   0   0   0   1   3   4   5   3   5   5   5  13  10  14  12  21  29  27  35  38  42  42  48  48  49  47  48  48  45  50 
32  91   0   0   0   0   0   1   2   4   3   1   3   3   2   3   7   8  11  15  26  25  26  40  45  46  44  43  50  49  49  48  47  50 
32  86   0   3   0   1   1   0   0   7   3   3   5   5   6  10   4  14  17  23  28  24  37  42  44  46  44  48  46  44  49  50  47  48 
32  85   0   0   0   2   0   0   0   0   2   1   3   3   1   7   6   7   5  10  18  15  18  23  39  35  40  39  46  49  50  49  49  47 
32  97   1   1   0   2   1   3   1   0   0   0   9   4   4   8   6  15  22  37  35  36  41  44  49  45  45  47  50  47  48  48  50  49 
32  92   1   2   0   1   2   3   1   2   0   2   0   3   5   7  13  18  18  25  34  31  48  49  46  47  48  45  48  48  49  47  49  48 
32  89   1   2   2   1   0   2   0   2   3   2   3   2   5  10  15  15  15  21  25  31  36  41  47  46  47  46  48  48  48  48  49  47 
32  90   0   2   1   1   2   0   0   2   2   7   4   0   1   1   3  12  11  13  15  27  33  26  42  44  47  47  46  48  50  48  47  48 
32  85   0   1   0   0   0   2   2   2   1   2   5   2   1   0   0   2   5   5  11  12  10  15  21  27  30  37  40  43  48  44  44  46 
32  90   0   1   1   1   2   3   6   3   4   2   1   1   6   2   2   7   6  12  20  30  31  36  45  43  48  46  48  48  48  48  48  49 
32  75   1   0   1   1   0   2   2   0   3   3   2   3   3   4   5   1   0   1   2  10  18  19  25  33  39  38  39  45  45  42  48  46 
32  94   1   0   3   1   5   4   6   5   8   7   8  13  10  14  19  23  32  35  45  48  47  47  46  50  46  48  47  49  49  47  47  49 
32  86   0   2   2   3   1   1   2   2   6   3   2   4   8  13  15  15  22  30  30  44  41  44  43  47  48  45  49  47  49  48  50  50 
32  95   0   1   2   3   0   2   2   1   3   1   4   4   8   6   6   7  13  24  33  42  44  47  48  48  49  46  48  46  47  48  50  50 
32  90   0   1   1   1   2   1   2   1   3   1   5   6   6   9   4  13  24  15  17  30  36  44  48  50  49  48  47  46  49  48  48  48 
32  91   1   0   1   1   2   2   4   2   1   3   1   4   8  11   8   7  17  22  30  36  37  42  49  50  49  49  50  46  50  50  49  48 
32  89   2   1   2   1   3   2   3   3   1   6   6   6   7  12  12  10  12  27  29  27  39  41  46  47  49  50  50  50  49  48  47  47 
32  89   0   0   1   1   2   2   1   5   3   2   3   3   5   3   9  10  12  15  19  27  30  34  37  47  47  49  50  50  50  49  47  49 
32  89   1   4   0   1   0   2   2   2   2   5   5   3   3   1  12   4  20  17  22  22  35  42  43  46  44  48  47  49  49  50  49  49 
32  84   2   0   2   1   2   0   4   0   1   0   2   6   1  10   8   9  10  16  22  24  27  28  35  42  47  43  48  42  46  49  50  50 
32  80   0   0   2   0   2   3   1   2   1   0   3   3   3   3   4   4   8  20  16  18  18  28  34  38  41  40  41  48  49  45  49  49 
32  93   0   0   0   0   0   2   1   3   1   7   7   3   8   3   5   7  15  15  24  34  32  43  40  45  47  46  48  47  49  48  47  46 
32  88   0   0   0   0   1   2   0   3   2   2   2   2   1   2   2   8   3  10   7   9  19  26  25  35  42  44  45  48  48  50  47  46 
32  84   0   0   0   0   0   1   2   3   1   2   8   6   3   8   8  11  10  18  29  31  34  34  41  41  43  46  48  45  48  49  49  48 
32  85   2   0   0   0   0   0   1   2   5   1   5   4   4  10  14  20  21  27  37  34  44  42  47  43  46  45  48  49  49  48  48  48 
32  94   1   1   3   3   1   1   0   0   1   5   5   4   3   6   9  12  17  10  34  41  38  46  43  48  45  50  48  48  47  48  49  47 
32  93   0   1   1   2   1   2   0   0   0   0   5   1   4   4   9  13  16  21  24  37  43  47  45  45  45  47  47  46  48  50  48  46 
32  96   0   1   1   1   1   2   3   2   1   0   1   1   4   5   9   8  23  28  30  42  37  44  44  42  49  45  46  49  48  46  47  49 
32  86   0   2   1   0   1   2   2   1   2   0   1   2   0   8   4  10  17  18  22  27  24  35  38  43  42  44  46  48  48  48  49  50 
32  98   0   2   0   1   2   0   0   2   0   3   2   0   1   2   2  12  13  21  26  24  36  38  35  43  42  46  41  45  46  48  47  48 
32  91   1   2   0   2   2   5   2   7   6   7   4   7   3   4   4   7  16  22  33  30  31  46  48  49  46  48  46  46  47  49  48  48 
32  81   1   0   0   2   1   4   1   6   6   4   8   4   9   9  10  19  17  16  26  39  39  44  44  41  43  46  46  43  45  48  49  46 
32  93   1   1   0   1   1   2   3   3   1   4   8   4   6   5   4   5   6  11  21  34  42  41  45  47  44  46  48  49  47  47  49  48 
32  90   0   2   1   1   1   1   1   1   2   2   2   1   6  11  12  11  11  16  22  19  29  36  42  45  47  44  49  46  47  49  49  49 
32  92   1   1   1   2   2   0   3   3   3   3   4   5   1   5   3   6   8  16  18  22  43  44  47  44  45  43  47  49  49  45  47  46 
32  94   2   0   1   1   0   4   1   1   4   4   0   5   3   8   9  13   9  20  33  35  48  47  46  50  47  50  47  49  44  49  48  47 
32  93   0   1   0   1   0   2   1   4   3   2   7   4   8   3   6  12  13  14  16  34  32  43  47  47  49  48  50  48  47  48  47  49 
32  93   0   2   4   0   2   0   1   3   1   2   3   6   3   2   3   5  10  15  12  29  33  40  39  47  49  49  50  50  49  47  47  47 
32  88   0   0   0   0   0   1   2   4   2   0   2   2   2   4   5   0   5   6   4   7   9   8  11  16  33  41  42  45  46  46  44  47 
32  97   0   0   1   2   3   3   1   2   2   3   0   3   2   3   6  15  15  22  24  27  29  35  45  45  42  41  50  49  50  50  50  48 
32  96   0   4   2   1   0   0   2   3   2   3   4   4   4   6   4   6  21  28  29  32  42  42  42  47  44  46  46  45  49  49  50  50 
32  95   0   0   0   1   1   0   1   2   1   2   2   2   0   4   7   4  11  27  29  31  42  43  41  45  45  46  46  50  48  50  50  50 
32  95   0   0   3   2   1   1   3   1   2   3   1  10   4   7   9   2  12  33  31  41  41  41  45  44  43  48  48  49  49  48  50  50 
32 104   0   0   0   1   0   2   3   0   1   1   4   6   7   7   7  14  19  20  25  33  36  37  41  41  46  44  47  46  48  48  48  50 
32  93   0   0   0   0   1   2   0   0   3   4   4   4   1   3   3   7  10  11  24  40  35  38  45  46  48  46  47  48  49  49  49  50 
32  90   0   1   0   1   0   0   2   3   5   1   4   4   4   6   1  11  18  27  24  37  38  44  48  46  50  47  48  48  48  49  49  50 
32  79   1   0   0   1   1   0   1   4   3   1   3   6   3   9   6  15  18  26  36  37  44  44  48  46  48  46  50  49  47  49  49  50 
32  87   0   1   0   1   0   2   6   4   3   3   3   3   5   5   8   6   9  17  14  31  29  37  36  46  45  44  47  46  50  45  47  48 
32  86   0   2   1   2   1   3   2   1   3   1   1   6   5  13  10  15  22  25  31  36  41  46  41  44  46  45  47  49  48  47  49  48 
32  85   0   0   1   3   2   1   1   0   1   1   3   4   4   4   3   8   7   8  13   8  13  21  33  34  38  44  42  50  49  49  46  48 
32  93   1   0   4   2   3   4   4   7   4   6   8   9   5  11  15  26  28  37  40  46  48  49  50  50  50  48  49  47  48  49  48  50 
32  94   2   0   2   1   3   2   0   6   0   5   7   3   3  10  11  23  22  30  43  43  46  48  50  49  50  50  50  49  49  50  49  49 
32  90   0   0   2   1   2   1   1   2   5   4   7   4  11   7   7  11  15  19  30  29  39  41  41  48  50  50  50  50  48  50  49  48 
32  87   0   2   1   2   0   2   1   3   3   4   7   5   8   9   8  10  18  19  32  38  44  40  43  47  48  50  50  50  50  49  48  48 
32  83   0   2   1   0   1   3   1   3   3   1   1   5   4   4  10  10  14  18  30  33  35  36  40  44  44  45  48  50  50  50  50  49 
32  89   0   0   1   3   2   0   3   1   3   1   8   2   3   8   6   6  10  12  21  28  28  41  42  44  46  45  47  45  48  50  50  50 
32  85   0   0   3   2   2   0   1   2   3   3   7   3   4   4   6  10  10  12  18  18  30  27  40  42  47  45  44  48  46  50  50  50 
32  92   0   0   3   2   0   3   1   4   3   4   6  10   7  11  10  18  21  26  34  39  47  45  46  46  47  48  47  48  48  47  48  50 
32  86   1   0   0   0   1   2   2   2   6   2   3   4   9   9   7  19  21  27  24  33  39  43  46  48  44  46  49  48  49  49  49  48 
32  86   0   0   0   0   0   1   1   1   0   2   2   3   3   2   5   4   9  11  17  18  22  35  39  41  45  48  48  50  48  50  49  46 
32  87   2   0   0   0   0   0   0   0   2   0   0   3   6   5   6   3  10   4  13  16  19  28  31  37  42  46  47  46  48  47  48  45 
32  88   0   0   0   0   0   0   0   0   0   2   3   5   7   5   7   9  12  16  23  27  29  33  42  44  47  46  48  46  47  48  47  50 
32  82   1   1   1   1   1   0   0   1   0   1   5   2   1   7   2   9   9  14  12  17  28  30  34  29  39  42  43  43  49  47  46  49 
32  89   0   1   0   1   1   0   2   0   1   0   1   1   7   2  12  10  10  14  20  25  31  30  39  42  46  50  48  47  47  49  47  47 
32  84   1   0   1   3   2   1   0   1   0   0   0   3   1   5  11  13  15  12  19  27  23  36  37  38  41  45  45  47  50  50  46  49 
32  82   0   2   0   2   3   2   1   2   2   1   1   2   2   3   5  18  17  27  26  36  42  42  41  42  47  47  47  47  50  46  48  49 
32  94   0   0   2   2   1   3   1   5   2   4   5   0   1   5   6   6  18  25  42  40  46  46  46  45  46  46  46  49  48  48  47  48 
32  85   1   0   3   0   1   1   0   1   0   3   2   2   3   2   5   3  16  14  23  19  31  37  39  40  42  46  47  46  47  47  50  49 
32  93   0   3   2   2   1   2   1   2   2   4   2   5   6  11  12   8  10  18  29  43  41  46  49  45  49  46  49  47  47  49  48  48 
32  82   1   0   0   1   2   0   0   2   3   0   1   6   3   3   3   5   5   5   8  12  24  27  34  34  45  44  40  46  46  45  49  49 
32  75   0   0   1   0   1   0   1   1   2   3   1   3   7   3   9  10  10  23  30  32  42  43  44  42  47  48  50  44  50  48  49  45 
32  81   0   1   1   0   3   2   1   1   2   3   4   0   3   5   4   1   8  14  14  18  22  26  38  39  36  44  47  45  43  47  49  49 
32  86   1   1   0   1   0   1   1   1   2   4   2   4   2   3   7  11  14  16  17  22  22  28  42  48  47  45  45  47  47  49  49  48 
32  89   0   0   1   2   1   2   1   3   2   4   3   3   6   8   8   5  11  15  24  25  36  39  49  49  50  49  50  48  50  49  49  49 
32  81   0   1   2   2   3   3   4   0   2   1   3   3   3   5   7   7  14  17  24  29  36  36  43  44  50  50  48  50  49  48  50  47 
32  91   1   2   0   2   1   1   2   4   2   5   4   6   3   6   9  11  11  26  23  26  37  44  47  46  46  50  49  50  50  50  50  47 
32  80   1   2   1   4   1   1   1   5   6   1   7  10  11  15  26  31  29  34  34  44  41  45  44  48  45  50  48  48  50  50  50  50 
32  90   0   1   1   2   2   1   1   4   4   4   5   6   7  11  10  11  23  21  24  34  38  41  45  46  46  46  49  46  50  50  50  50 
32  86   0   2   1   0   2   1   2   1   2   1   2   4   4   8   6   8  19  17  22  26  26  38  33  44  48  43  49  49  49  49  50  50 
32  98   0   0   2   2   1   2   2   0   3   1   2   3   4   7  10   9  25  25  25  33  35  44  43  48  41  46  45  45  47  49  46  49 
32  85   0   0   0   0   2   1   0   0   2   5   5   4   2   3   9   8   9  18  19  20  28  30  38  42  41  41  46  49  48  48  49  47 
32  83   1   0   0   0   1   1   1   2   3   2   6   3   7   7  11  18  19  26  31  30  43  38  42  41  49  46  47  47  48  47  49  50 
32  83   0   0   1   0   2   0   0   0   1   3   4   4   1   5   7   7  13  15  21  22  26  31  39  42  42  42  47  45  48  48  48  48 
32  85   1   0   2   0   0   0   0   0   0   3   4   6   7   6  11   7  16  19  25  19  32  30  35  42  43  45  48  46  46  47  48  50 
32  83   1   0   0   1   2   0   1   0   0   0   1   5   2   8   4  11  11  14  24  20  23  30  39  43  43  45  44  45  47  49  47  50 
32  86   3   2   1   2   2   0   0   0   0   0   0   1   8   8  12  16  21  21  26  29  39  43  44  42  46  48  46  49  48  49  48  47 
32  82   1   1   3   1   1   1   3   0   0   0   0   1   0   2   7   8   4  12  12  15  26  26  26  31  41  41  44  46  47  49  49  50 
32  83   1   2   1   2   2   4   2   1   2   2   0   2   2   1   4  12  19  22  24  33  35  36  38  45  41  46  48  49  47  48  47  49 
32  87   0   1   1   1   0   2   1   4   2   3   3   4   3   4   5   7  19  24  26  30  40  39  40  47  47  45  49  49  49  48  48  47 
32  81   0   0   1   1   0   2   5   0   3   1   4   4   3   0   2   1   3   6  15  16  25  33  36  28  39  42  43  43  45  46  46  48 
32  87   1   2   1   2   2   2   2   4   3   5   6   3   3   6   9   8  11  13  22  36  35  40  36  41  43  48  48  47  49  49  50  50 
32  91   0   0   0   1   2   2   1   1   2   7   7   6   9  10  15  25  23  36  36  40  44  48  45  49  48  47  44  44  49  48  49  50 
32  88   1   0   1   1   1   3   2   2   0   4   3   4   5   5   6  11   7   9  10  24  25  30  35  36  47  43  45  48  46  47  47  49 
32  90   1   4   1   1   1   3   4   3   3   2   6   5   6   8   6   9  12  19  27  36  43  49  48  50  50  47  48  47  49  47  47  48 
32  91   0   1   2   3   1   5   2   1   2   3   5   6   7   4   7  15  16  16  29  33  40  48  49  49  50  48  49  45  47  46  45  50 
32  89   1   1   1   3   2   5   1   2   3   2   5   2  11  10  11  16  16  19  30  36  37  42  48  50  50  50  50  50  50  49  49  49 
32  88   1   0   1   1   3   4   1   0   3   5   4   5   6   8  11  17   6  17  24  25  37  40  43  43  50  50  49  50  50  46  48  49 
32  86   0   0   1   1   3   0   2   0   4   2   2   2   7   2   5   6  11  15   9  14  21  31  33  33  42  44  50  50  49  50  49  48 
32  89   2   0   0   2   2   4   0   4   1   4   5   8   4   7  14   7  16  23  30  33  35  42  38  49  47  47  48  49  50  49  50  50 
32  91   2   1   0   0   3   1   2   2   0   1   4   8   2   4   4   7  11  11  21  18  28  35  46  47  42  46  48  47  48  50  50  49 
32  84   0   1   1   2   1   0   3   1   4   3   3   9  11   6  10  14  16  27  25  31  36  36  39  44  45  45  48  49  49  48  50  50 
32  84   0   0   0   2   1   3   3   3   5   4   8   1   5   7   9  12  21  24  27  37  38  41  41  45  43  46  47  48  48  49  48  50 
32  96   0   0   0   0   2   4   5   1   3   3   0   4   5   5   7   7  19  22  27  30  40  39  44  46  46  45  48  48  45  47  48  48 
32  81   1   0   0   0   0   0   3   1   2   0   2   1   1   4   2   6   3  11  11  14  19  22  31  27  36  39  36  42  44  49  46  49 
32  89   0   1   0   0   0   0   0   1   0   3   2   1   3   6   7   6  14   8  13  19  26  24  28  42  44  49  47  46  49  48  47  48 
32  95   0   2   1   1   0   1   0   0   0   4   4   2   3   7  12  13  13  30  31  38  47  45  45  46  47  48  47  49  50  50  46  47 
32  96   0   3   3   1   5   5   1   1   1   1   1   8  10  15  14  15  35  36  34  46  42  49  43  48  48  49  48  48  50  49  46  50 
32  93   3   1   2   2   1   2   2   1   0   0   2   1   4  11   9  18  18  26  36  42  43  45  46  46  47  47  47  50  47  49  49  49 
32  85   2   1   1   0   2   1   1   2   2   0   0   1   2   1   8   9  16  15  17  21  25  33  38  42  43  42  45  48  50  47  49  47 
32  94   2   0   0   2   1   2   0   4   2   2   2   2   1   2   0   9  18  25  33  35  42  46  41  47  47  48  47  46  48  46  49  47 
32  92   1   2   2   1   0   1   1   0   0   3   2   5   0   3   2   4   5  14  10  25  33  38  44  41  43  48  47  49  47  47  44  48 
32  86   1   2   0   1   1   0   2   2   4   3   4   6   5   4   6   5   9  14  15  24  30  30  42  40  46  45  46  47  46  48  45  47 
32  91   0   0   0   0   1   2   3   1   0   1   5   0   4   2   8   3   2   5  10  12  25  35  35  44  45  46  45  46  49  48  48  50 
32  90   2   1   2   2   2   3   4   2   3   3   4   2   5   5   5   9   9  13  12  25  27  34  43  44  48  47  48  49  48  49  48  49 
32  89   2   1   2   2   2   1   1   3   1   3   3   1   4   7   9  10  17  18  22  34  33  45  45  47  44  47  45  46  48  49  49  48 
32  96   0   0   2   0   0   3   2   1   4   4   2   4   3   8   4   8  20  30  30  34  47  47  47  48  49  42  47  48  50  49  49  47 
32  95   0   1   1   1   0   2   2   3   4   2   3   2   0   6   7   7   9  17  23  34  33  41  44  50  49  49  47  46  49  49  46  47 
32  97   0   4   1   2   1   3   1   2   1   0   9   2   8   7  10  21  28  28  36  44  40  45  46  50  50  50  50  48  45  48  50  48 
32  90   1   2   0   3   2   1   2   3   4   1   3   3   6   4   5   7   9   8  14  22  23  28  33  44  48  49  47  49  50  48  49  49 
32  95   1   1   1   4   1   2   2   2   3   1   7  10   5  10  15  20  12  38  37  42  43  43  46  44  47  48  49  50  50  50  50  48 
32  93   1   2   0   0   2   0   2   1   3   3   2   4   3   6   7  10  18  15  23  30  40  41  40  46  49  47  46  48  50  50  50  50 
32  95   1   1   1   3   1   0   1   1   2   4   1   2   4   5   8  14  15  34  34  37  44  43  49  47  47  47  48  49  47  50  50  50 
32  98   0   0   3   1   3   1   1   1   1   2   2   6   5  11  22  24  31  33  39  39  45  41  42  48  47  50  47  48  49  49  50  50 
32  96   0   0   1   1   1   2   4   3   1   5   5   8  10  10  11  21  30  33  40  41  45  45  44  47  49  45  49  48  50  50  50  50 
32  85   0   0   0   0   0   0   1   2   2   2   0   2   4   4   4   8   9  14  18  12  27  28  38  41  44  48  45  48  49  49  49  49 
32  95   0   1   0   0   0   0   0   2   2   3   1   1   3   2   6  11  16  24  33  40  41  44  46  42  49  48  49  45  48  50  50  50 
32  84   1   0   1   0   0   0   0   0   1   4   3   2   4   5   8  11  21  22  21  26  28  36  42  42  46  47  49  48  46  48  47  47 
32  86   0   0   0   0   1   0   0   0   0   0   2   4   2   3   6  11  12  17  16  19  22  27  32  35  43  45  49  46  48  46  49  48 
32  80   0   1   0   0   0   2   0   0   1   0   1   1   4   3   6  12  15  17  18  25  30  39  43  41  45  42  47  46  48  48  48  47 
32  90   1   0   2   1   1   0   2   2   0   1   3   0   4  10   6   7  23  23  31  41  46  41  48  49  43  48  48  49  48  49  49  49 
32  87   3   0   2   1   0   1   1   2   4   3   0   2   0   2   5  19  13  13  17  26  26  39  39  44  42  47  43  48  48  48  48  48 
32  90   0   1   0   1   0   1   2   3   2   4   2   3   4   2   5   6  11  14  20  30  35  42  46  42  48  46  49  45  48  49  49  49 
32  95   0   1   1   0   0   1   3   2   2   4   3   3   2   3   4   7  13  33  39  36  38  48  46  48  50  46  49  47  50  47  49  48 
32  90   4   1   0   3   0   0   2   6   1   1   4   5  10  13   6  11  25  31  39  37  38  42  46  50  49  48  48  49  49  48  49  49 
32  89   2   3   0   2   4   4   1   1   0   2   5   5   6   4  11   5   7  15  16  21  39  37  42  45  46  48  48  45  49  48  48  46 
32  89   1   3   1   0   1   1   1   5   3   5   3   1   9   8  10   8  16  26  26  33  40  45  42  47  46  47  50  45  48  50  50  49 
32  85   1   1   1   1   1   2   1   2   1   2   4   5   3   8   9   2  16  25  32  25  37  43  43  47  44  46  49  49  48  49  48  50 
32  78   1   1   4   0   2   1   0   7   5   4   2   8   6  11  13  13  25  19  35  37  43  43  49  49  49  45  47  46  47  46  45  48 
32  88   0   1   1   0   1   3   1   1   2   2   1   4   1   4   4   8   3   7  12  14  19  23  32  45  50  48  49  45  47  44  48  49 
32  81   1   0   1   0   5   1   4   2   4   1   2   5   7   7  11   6  16  18  26  27  38  42  39  48  49  48  47  50  48  46  49  47 
32  93   2   0   5   1   1   3   4   1   5   8   2   7   8  10  14  20  19  24  35  43  43  47  44  47  46  50  49  50  50  50  49  48 
32  83   2   0   1   2   2   3   3   2   5   3   2   6   3   4   8  16  13  21  26  36  39  38  41  43  44  48  50  50  50  49  50  47 
32  88   0   0   1   0   0   1   0   2   0   0   1   2   0   3   1   2   4   4   7  10   9  19  23  19  44  46  44  47  50  50  49  50 
32  82   0   2   2   1   5   3   3   1   5   2   4   7   7   9   9  18  25  25  29  38  38  43  43  46  44  47  47  48  50  49  50  50 
32  82   0   0   1   1   0   1   1   3   2   1   3   3   4   5   9   8  11   9  17  20  24  33  29  36  41  39  44  45  47  48  48  50 
32  85   0   0   0   0   2   1   2   3   4   5   3   4   7   8  12  10  17  27  27  29  32  39  40  48  44  47  50  47  50  48  48  49 
32  87   0   0   0   0   1   0   3   2   1   1   4   1  10   5  11   8  17  15  25  25  31  35  34  39  46  47  49  49  50  46  48  49 
32  87   1   0   0   0   0   0   0   2   3   3   6   7   5   3   7  10  15  13  14  21  24  34  41  40  41  48  47  44  49  47  50  46 
32  82   1   1   1   0   0   0   1   0   1   3   2   4   2   7   3   9   7  15  18  26  26  36  34  37  44  44  45  48  46  47  48  47 
32  79   0   1   0   1   0   0   0   1   0   1   2   6   2   6   8  10  11  12  15  22  34  34  39  45  44  41  41  43  47  48  46  48 
32  93   1   1   1   1   3   2   1   0   0   1   4   1   6  10  12  14  18  28  32  40  44  46  47  45  49  48  47  48  49  48  50  48 
32  84   0   1   0   0   2   0   1   2   0   0   0   0   0   7  10   8   8  16  26  32  32  30  35  41  42  45  45  47  47  48  49  49 
32  90   0   0   1   0   0   1   1   1   0   1   0   0   1   0   0   2   5   4   3   5   8   6  20  23  30  35  38  41  43  44  45  46 
32  91   1   1   2   0   3   5   2   2   2   4   4   3   7   4  13  19  24  28  33  37  43  47  48  47  45  49  48  47  47  50  49  50 
32  93   4   1   1   5   2   3   1   4   4   3   1   4   3   4   8   9  12  22  33  38  44  46  47  44  46  47  46  46  46  48  49  49 
32  90   3   2   3   1   1   3   3   2   2   2   3   5   8   5   2   7   8  12  16  21  27  33  41  47  47  45  46  49  47  46  48  46 
32  83   5   0   0   3   2   2   1   1   2   2   3   7   6   9  10  20  18  28  33  40  41  37  43  47  44  48  48  46  48  50  49  48 
32  90   3   3   1   2   4   2   6   5   5   7  11  16  21  27  24  33  33  43  46  46  50  50  50  47  47  46  49  50  49  48  49  49 
32  79   0   0   1   0   0   2   3   2   4   2   4   4   6   2   8  13  13  23  37  36  42  39  49  48  48  48  46  47  50  47  48  49 
32  88   1   0   1   2   3   5   3   3   5   3   8   9   5  12  18  22  18  28  41  39  43  45  48  49  50  49  47  49  47  49  47  50 
32  88   1   2   2   1   1   2   3   2   6   5   5   1   5  12  13  10  16  19  25  33  36  43  50  49  50  49  50  45  48  50  49  49 
32  89   2   3   1   5   1   3   3   4   6   3   4  10   7   8  23   9  16  27  28  35  39  40  44  49  50  50  50  50  50  48  47  47 
32  89   3   2   1   2   3   1   6   3   4   8   6   6   9   8  21  18  21  33  38  34  42  46  48  48  44  49  50  50  50  50  49  48 
32  94   2   3   4   2   3   1   4   8   3   4   5  11   8   9  12  19  26  35  41  43  43  47  48  47  46  46  49  50  50  50  50  50 
32  80   4   3   1   3   2   2   4   3   1   6   4   5   6   9   7  19  22  29  28  45  34  44  39  49  44  47  43  46  49  50  49  49 
32  93   0   1   1   3   3   3   3   3   4   3   5   5   7   7   7  13  21  19  28  43  42  44  46  44  45  47  47  44  47  50  50  50 
32  91   0   0   1   1   1   1   2   3   2   3   5   3   4   8  11  13  10  21  28  37  42  43  43  48  48  46  49  49  49  48  50  50 
32  83   0   0   0   0   1   2   2   2   1   1   4   4   6   6   6  15  13  20  19  28  34  32  36  41  43  46  44  48  45  48  48  47 
32  90   0   0   0   0   1   0   1   5   3   1   6   7  11  17   7  20  27  21  30  39  40  40  44  46  47  48  47  48  49  47  50  47 
32  84   0   1   0   0   0   0   0   2   4   5   3   4   4   5  15   8  11  21  17  24  23  29  37  43  39  44  46  48  45  47  49  49 
32  89   1   2   2   0   1   0   0   0   0   4   3   5  10   8  10  12  14  19  25  39  36  37  39  46  45  47  48  49  49  50  48  49 
32  85   2   1   1   2   3   0   0   0   0   0   1   3   4   5   2  10  10  13  19  15  27  33  37  39  39  45  44  47  47  46  48  49 
32  91   2   1   2   1   1   2   2   0   0   0   2   4  10   7  10  20  21  31  27  39  39  46  48  50  48  49  45  50  49  49  48  49 
32  89   0   1   2   1   0   0   3   2   1   0   0   1   3   8  11   9  14  12  27  36  28  39  45  41  46  49  45  46  47  46  47  47 
32  91   0   2   0   1   2   2   1   3   1   2   1   1   1   0   5   8  16  21  23  20  37  42  46  50  46  45  48  47  47  47  49  49 
32  91   1   1   0   0   1   0   1   1   2   2   1   4   0   2   1   1   4  19  16  21  27  37  39  47  45  48  47  47  47  49  48  47 
32  91   2   1   2   0   1   2   0   3   1   0   4   2   6   0   2   4   4   6  16  23  22  35  38  46  43  44  46  46  48  48  46  49 
32  86   0   1   0   2   3   3   0   3   2   3   4   4   6   8   5   6  13  19  20  21  35  32  34  41  49  43  47  45  48  47  49  49 
32  95   2   1   0   0   3   3   3   5   6   2   3   5   4   1   9   8  17  34  37  41  46  46  45  48  45  46  45  49  45  47  49  49 
32  81   2   0   2   1   0   1   2   2   3   5   2   7   6   7  10  10  12  15  20  26  38  44  47  41  41  42  49  44  45  49  46  49 
32  96   0   0   1   4   1   2   0   3   1   3   4   9   7   5   5   5  16  26  32  41  38  43  47  49  43  44  49  48  47  48  48  48 
32  94   1   1   1   2   3   2   5   1   3   7   2   3   8   7   7  15  21  29  34  43  41  48  49  48  50  50  47  49  46  49  47  49 
32  87   1   0   0   2   2   1   1   0   2   1   2   3   5   2   2   5   7   8   8  13   9  21  21  29  37  46  47  47  46  47  49  48 
32  91   2   0   1   2   2   3   6   5   6   6   9  13  15  16  19  28  33  37  37  45  48  47  47  48  50  49  50  49  49  50  49  49 
32  92   0   1   1   1   5   2   1   1   0   2   1   2   6   7   8  11  14  16  15  28  37  43  45  46  46  48  50  50  49  50  50  47 
32  83   0   1   2   2   1   3   2   2   4   2   4   2   6   6   6   7   8  15  18  26  30  33  34  38  38  40  47  48  50  50  50  50 
32  93   0   3   1   2   1   4   2   4   3   3   7   5   7   7   8  12  21  20  30  43  46  40  46  46  48  47  47  47  49  50  50  50 
32  95   0   0   1   0   0   1   0   1   0   2   3   4  11  10  10  14  28  39  36  40  39  46  44  46  47  46  47  48  49  47  50  50 
32  96   0   0   0   1   1   1   2   0   1   1   1   3   5   5   6   4  16  14  20  29  30  32  39  44  41  46  46  44  49  47  50  48 
32  89   0   0   0   0   0   3   3   1   3   3   1   2   4   3   5   1   7   9  16  17  21  25  31  44  43  43  49  47  48  49  49  48 
32  96   2   0   0   0   0   0   0   1   0   2   5   5   4   6   8  15  19  21  32  31  38  40  44  45  45  47  47  49  48  47  50  46 
32  89   0   1   1   0   2   0   0   1   1   2   4   2   4  10  10   7  13  19  21  31  37  36  43  44  44  44  45  45  48  48  49  49 
32  89   1   2   0   1   0   0   0   0   1   5   4   4   8   9   8   9  14  18  30  27  36  39  45  47  47  50  47  48  47  50  49  50 
32  89   1   1   1   3   2   1   0   1   0   2   0   4   7   9  11  13  18  22  28  28  33  40  41  44  46  48  47  44  47  49  47  48 
32  93   0   1   2   3   1   3   2   2   0   2   2   0   1   1   7  11  16  17  25  39  45  39  44  44  48  49  45  45  46  47  47  49 
32  98   0   0   0   1   1   2   3   4   1   0   1   0   0   2   6  10  15  25  24  27  38  38  38  43  45  42  47  47  48  49  47  50 
32  93   1   3   3   0   1   2   4   3   2   5   1   1   2   7   2  12  21  25  28  37  40  42  43  46  48  47  47  47  48  47  48  49 
32  92   0   2   3   1   2   2   3   3   3   2   8   3   2   3   5   5  11  19  22  28  36  44  45  43  46  46  44  50  45  47  49  50 
32  88   0   1   1   1   5   1   2   2   0   4   5   6  11   6   9  15  14  12  31  37  39  41  42  42  45  47  48  48  49  48  49  48 
32  93   1   1   4   0   1   0   0   3   2   3   4   1   3   5   2   0   1   3   7  19  22  33  31  41  41  42  47  42  45  47  46  46 
32  95   1   2   2   1   0   2   3   1   2   5   1   4   5   4  10  12  10  26  38  41  43  42  43  45  46  44  47  50  47  48  49  47 
32  97   1   1   0   1   3   0   2   2   4   4   5   5   3   5   8  10  18  26  29  40  40  45  49  46  44  46  44  48  46  48  47  49 
32  85   1   0   2   1   1   2   1   3   3   2   3   8   3   7   6  15  12  14  19  20  27  30  38  45  49  47  47  45  46  49  49  48 
32  90   0   1   2   0   0   2   1   2   0   2   5   3   3   5   5   2   8   6  12  21  19  28  42  48  48  49  49  43  49  47  47  49 
32  93   0   1   0   1   1   0   1   3   3   1   7   5   2   2   8  14  11  23  32  41  44  44  49  50  49  50  50  50  50  48  47  50 
32  85   0   0   0   0   0   0   0   0   0   2   4   3   2   7  11   8  14  17  28  28  34  34  42  47  42  47  50  46  48  49  50  50 
32  89   0   0   1   2   1   1   0   0   1   0   5  10   5   4   6  13  13  17  25  28  35  43  42  47  47  49  45  45  46  50  49  50 
32  91   3   1   1   2   1   2   0   0   2   2   4   3  13   8  15  20  26  32  38  41  45  46  46  49  43  50  49  50  50  47  49  50 
32  84   1   1   0   4   2   1   2   2   0   0   1   1   2   4   3   7  17  24  28  27  35  39  40  47  45  47  48  48  49  49  50  48 
32  84   0   1   0   2   1   2   0   1   1   0   1   0   0   1   2   8   6  12  13  15  19  29  31  38  39  40  45  47  46  49  49  50 
32  77   0   1   0   1   1   0   0   1   2   5   0   0   0   1   3   5   4  15  14  20  29  36  38  41  45  43  46  48  44  47  47  47 
32  88   1   0   0   0   1   2   2   0   2   2   5   5   0   0   6   3   5   7  19  22  32  33  42  37  46  48  48  49  49  48  48  50 
32  84   1   0   2   1   2   6   0   3   2   6   7   2   5   4   1   7  17  17  29  41  40  38  42  47  48  46  47  49  46  49  48  46 
32  88   1   1   0   3   1   1   2   2   2   4   4   7   5   9  13  15  14  21  28  31  40  36  43  46  45  45  46  47  47  48  49  50 
32  88   4   2   3   1   2   3   5   1   0   2   4   5   7   5  11  18  19  16  21  29  41  43  46  44  48  47  49  48  48  49  48  50 
32  92   0   0   0   3   2   0   4   3   4   3   6   3   5   5   8  14  11  21  22  32  46  48  49  49  44  49  47  50  48  45  50  49 
32  91   0   1   1   2   1   1   1   3   2   1   4   2   7   3   2   5  11   7  10  24  19  42  48  48  48  50  46  47  49  47  50  50 
32  87   1   2   1   4   0   2   4   1   5   4   2   8   9   5  16  20  20  21  29  32  38  42  48  50  50  49  50  50  48  49  48  49 
32  84   0   0   2   0   0   0   1   0   2   1   1   3   6   3   9   3   5  13  14  15  18  25  25  39  39  43  48  48  50  49  47  47 
32  84   0   1   1   2   2   1   2   1   2   4   4   2   6  10  14  13  27  23  36  40  38  39  45  50  47  49  50  50  50  50  50  50 
32  94   0   2   1   1   1   0   1   1   2   3   1   2   3   8   5  19  16  18  33  38  43  43  45  46  44  50  50  50  50  50  50  50 
32  79   0   0   1   0   0   1   2   2   4   5   5   3   8  15   5  11  22  20  25  30  36  42  44  45  44  46  46  49  48  50  50  50 
32  84   1   0   0   0   0   0   2   1   2   4   3   6   3   4   4  11  12  13  19  20  25  35  36  36  39  43  45  48  48  50  49  50 
32  88   0   0   0   2   2   2   3   2   5   4   4   6   7  11  15  21  20  33  34  45  39  42  47  46  47  48  48  49  49  49  50  50 
32  84   0   0   0   0   0   1   4   1   1   1   1   2   2   5   4   5  11   5  13  12  12  15  23  37  35  37  42  46  49  49  48  49 
32  85   0   0   0   0   0   0   2   2   2   4   4   1   3   6   4   7  10  15  25  20  25  28  38  39  42  46  45  47  45  49  48  50 
32  90   2   0   0   1   2   2   0   1   3   5   5   2   3   7  11  15  13  22  27  38  40  39  47  45  49  47  47  49  49  49  48  49 
32  84   1   1   1   1   0   0   0   0   0   3   8   0   3   5   7   8  16  12  25  37  31  40  44  46  47  48  44  44  49  49  47  50 
32  83   1   0   3   1   1   0   0   0   1   2   2   4   3   7   8  15  15  30  26  37  40  39  45  43  42  49  45  48  50  48  49  50 
32  84   1   0   0   1   1   2   2   0   0   0   0   2   2   7   8  10  11  14  31  30  27  33  42  46  45  48  46  47  46  49  47  49 
32  87   1   0   3   2   1   1   0   0   0   1   1   0   1   2   7   4   7  14  16  21  23  30  35  37  41  44  48  49  49  43  49  47 
32  89   0   1   3   3   3   5   7   5   3   1   1   0   4   5  11  16  22  27  37  41  42  42  41  47  46  46  49  48  50  50  49  47 
32  83   0   3   2   1   3   1   2   0   1   5   3   0   0   2   2   4   6  20  20  26  32  33  37  41  43  47  44  47  49  50  47  50 
32  84   0   1   1   1   2   2   1   2   4   2   1   3   1   0   2   2   4   8  17  23  22  30  29  37  45  41  46  44  45  47  46  49 
32  86   1   0   4   4   2   5   5   1   5   3   4   3   8   8  12  30  33  35  34  44  43  44  45  45  48  46  48  47  50  50  48  49 
32  83   1   1   3   1   0   0   2   3   2   5   6   7   7  10  17  16  22  33  38  46  47  47  44  44  47  47  46  49  46  48  49  50 
32  85   0   0   1   0   2   2   2   4   4   2   3   7   9  13  14  19  16  25  34  33  42  43  45  45  44  48  47  48  46  47  47  49 
32  86   0   0   3   0   1   1   3   2   4   3   3   1   2   4   4  13  10  19  16  26  30  40  48  47  46  41  46  46  49  48  48  48 
32  85   1   1   1   0   4   2   4   4   2   5   4   6   5   4   6  12  12  19  24  20  32  44  44  48  48  50  46  48  49  49  47  48 
32  86   0   1   1   1   1   4   2   2   1   1   1   4   6   7  12  12  16  22  27  35  39  39  45  48  48  49  50  49  49  49  50  49 
32  80   1   1   1   2   1   1   3   0   3   3   5   3   4   7   9   9   9  15  16  23  32  35  38  47  47  49  50  47  50  47  48  48 
32  91   1   0   1   0   2   2   3   3   0   1   4   2   4   4   3   5  10  10  11  22  25  39  39  41  45  49  49  50  50  50  49  46 
32  86   0   1   1   1   2   4   1   0   5   3   5   3   4   9   6   8  12  18  19  24  33  37  39  42  45  45  50  49  50  50  50  50 
32  86   0   2   0   1   3   1   4   1   0   4   0   5   2   5   3  10  10  13  13  15  25  32  33  40  44  49  44  46  48  50  50  50 
32  85   0   0   0   2   2   2   0   4   1   4   4   6   2   9   9  18  11  28  25  28  34  33  46  43  46  46  45  48  49  48  50  50 
32  89   0   0   0   2   0   0   0   2   1   0   4   1   1   3   3   5   4  10   5  12  21  22  25  39  42  43  45  44  47  46  48  50 
32  89   0   0   0   0   0   3   1   3   1   3   2   4   7   4   9  10  13  14  19  23  29  38  43  47  45  47  49  45  49  47  50  50 
32  88   0   0   0   0   0   0   0   0   1   2   1   5   2   3   2   7   4   9   9  15  18  26  27  28  39  45  45  46  46  48  46  48 
32  84   1   0   0   0   0   0   0   0   3   2   1   2   2   5   4   5   6   8  11  13  11  21  24  27  38  41  42  48  47  48  47  50 
32  89   1   3   4   1   0   0   1   0   1   3   3   7  11   7  15  17  22  24  30  38  40  39  44  45  45  44  49  46  48  48  49  47 
32  82   0   0   0   0   1   0   0   0   1   1   0   0   2   6   6   7  15  11  13  12  22  28  25  33  31  43  44  45  47  48  49  47 
32  79   1   2   2   0   1   3   0   1   0   1   1   0   3   7   3  12  12  21  18  23  30  34  42  46  43  44  47  48  48  47  47  46 
32  88   0   0   1   2   0   2   1   4   2   0   1   1   0   6   9  16  15  20  30  31  39  42  40  44  46  45  46  46  50  48  50  50 
32  86   0   1   1   3   2   0   2   0   2   3   0   0   0   3   3   2   9  15  14  19  26  34  39  42  41  41  46  45  49  48  49  48 
32  89   1   1   1   0   0   0   3   3   3   2   5   2   2   2   3   4   9  21  21  28  35  36  40  48  46  46  46  46  47  50  46  50 
32  83   0   2   1   2   2   2   0   0   0   2   4   2   1   2   1   4   7   5  15  21  25  25  35  33  38  45  43  48  46  49  46  49 
32  85   2   0   2   0   3   0   2   3   7   1   3   1   6   3   7   3   8  10  24  22  25  26  31  37  45  46  47  49  50  47  46  49 
32  92   1   3   2   1   1   3   2   1   2   3   5   6   3   5   9  10   5  16  24  39  39  50  46  45  48  47  44  49  49  45  47  48 
32  85   0   1   1   0   0   0   1   2   2   2   4   3   4   6   9  12  15   9  26  30  36  35  42  40  44  46  44  49  48  49  49  48 
32  91   0   1   0   2   0   4   0   5   1   4   2   8   4   6  15  10  14  23  21  39  35  47  50  50  50  47  49  48  48  50  46  47 
32  86   0   0   0   2   1   0   3   2   0   1   2   1   5   3   4   4   3   7   9  11  12  26  26  32  42  44  46  46  46  48  48  49 
32  82   1   2   0   2   1   2   1   1   2   3   3   0   6   5   8   5  10   8  17  18  21  31  40  45  44  48  47  50  48  45  48  49 
32  89   0   0   1   2   2   1   1   1   2   6   9   3   5   7   9   9  11  12  24  23  31  36  36  45  50  49  50  49  50  50  49  48 
32  90   1   2   2   1   3   7   4   6   3  12   4  11  15  14  18  18  26  35  39  39  46  45  47  49  48  50  50  50  50  50  50  49 
32  90   0   0   2   0   1   2   0   3   2   1   2   4   1   4   4   8   6  16  11  20  17  24  40  41  44  44  46  50  50  50  49  50 
32  96   1   0   0   1   0   1   1   0   2   1   7   0   2   4   8   9  16  17  16  35  32  37  38  46  43  47  47  49  50  49  50  50 
32  83   0   0   0   2   2   1   1   3   5   5   6   8   6   9  10  16  20  22  36  39  40  41  45  42  46  48  47  48  48  48  50  50 
32  87   0   0   0   0   4   0   7   3   2   5   6   5   6   4  10   8  22  18  22  30  35  38  43  43  46  48  47  49  50  49  47  50 
32  93   0   0   0   0   0   2   2   1   1   4   1   3   4   3   7   8   9   6  16  30  37  40  43  44  47  46  50  44  48  49  47  47 
32  93   0   0   1   1   0   0   1   1   2   7   4   2   8   3   7  17  13  23  26  42  40  46  49  48  46  49  48  49  45  48  47  49 
32  90   0   1   0   0   0   0   0   0   1   4   4   4   4   5   2   6   4   6  16  18  23  31  44  45  46  45  45  50  47  47  45  48 
32  86   0   0   0   0   0   0   0   0   0   0   4   4   4   9   5   9   8  12  11  18  25  25  36  37  35  43  47  47  50  45  48  50 
32  94   1   3   1   3   0   0   1   1   2   2   2   5  12   7  17  16  29  31  40  40  44  45  47  47  47  46  47  49  49  49  50  49 
32  95   1   0   1   0   1   2   1   0   0   2   0   1   1   2   3   3   4   9  14  21  16  26  31  37  33  38  41  43  48  47  45  48 
32  93   0   4   1   2   1   0   4   2   1   0   1   2   3   2   7   8  14  15  25  35  39  46  45  48  46  48  43  49  48  48  48  48 
32  91   2   2   1   3   2   2   3   2   0   3   1   1   3   4   7   9  20  17  20  30  39  47  47  46  49  44  48  47  49  49  50  47 
32  95   0   1   1   1   1   1   2   2   2   3   4   1   1   1   1   1   2  16  17  25  28  33  41  36  44  43  45  43  47  47  48  47 
32  92   1   4   0   4   1   3   3   5   4   6   6   8  11   8  16  25  28  34  38  40  42  49  44  47  48  47  49  49  48  48  50  49 
32  90   1   1   2   3   3   0   3   1   1   4   1   6   7  10   6   4  12  24  24  33  33  38  44  45  47  48  47  48  46  49  49  50 
32  99   1   0   0   2   1   0   2   2   3   1   5   2   4   6   8  14   7  11  23  28  38  38  35  42  46  44  46  49  45  49  48  49 
32  88   1   0   0   2   1   2   0   2   4   1   2   3   7   9   6   9  18  11  20  30  34  37  45  48  46  50  45  47  49  49  49  49 
32  88   0   3   0   0   2   3   1   2   2   3   4   4   6   6   6   5  13  14  14  23  12  22  41  42  49  48  45  47  48  48  48  49 
32  91   0   0   2   1   0   1   4   3   5   5   7   4   4   8   3   4  10  17  21  26  38  46  47  50  50  49  50  47  47  48  48  48 
32  95   0   0   0   2   3   0   1   2   
